1000 2
0.0 0.0 0.0
1.5025030030025015e-06 0.0003013076324398069 0.0
6.008005999989976e-06 0.0006021166076666369 0.0
1.351349997293238e-05 0.0009024266092340572 0.0
2.401597590379966e-05 0.0012022373206956362 0.0
3.7512424774561793e-05 0.0015015484256049405 0.0
5.39998375671887e-05 0.0018003596075155382 0.0
7.347520526365038e-05 0.002098670549980997 0.0
9.593551884591672e-05 0.002396480936554883 0.0
0.00012137776929595775 0.0026937904507907656 0.0
0.0001497989475957434 0.0029905987762422113 0.0
0.00018119604472724361 0.0032869055964627877 0.0
0.00021556605167242834 0.0035827105950060633 0.0
0.0002529059594132675 0.003878013455425604 0.0
0.00029321275893173115 0.0041728138612749785 0.0
0.0003364834412097892 0.004467111496107754 0.0
0.0003827149972294115 0.004760906043477498 0.0
0.0004319044179725681 0.005054197186937778 0.0
0.00048404869442122907 0.005346984610042161 0.0
0.0005391448175573643 0.005639267996344215 0.0
0.0005971897783629436 0.005931047029397509 0.0
0.0006581805678199369 0.006222321392755607 0.0
0.0007221141769103144 0.006513090769972082 0.0
0.000788987596616046 0.006803354844600494 0.0
0.0008587978179191014 0.007093113300194418 0.0
0.0009315418318014506 0.007382365820307418 0.0
0.0010072166292450643 0.007671112088493063 0.0
0.0010858192012319114 0.007959351788304916 0.0
0.001167346538743962 0.008247084603296548 0.0
0.0012517956327631867 0.008534310217021527 0.0
0.0013391634742715554 0.008821028313033424 0.0
0.0014294470542510374 0.0091072385748858 0.0
0.001522643363683603 0.009392940686132223 0.0
0.001618749393551222 0.009678134330326263 0.0
0.0017177621348358648 0.009962819191021486 0.0
0.0018196785785195015 0.010246994951771464 0.0
0.0019244957155841013 0.01053066129612976 0.0
0.0020322105370116344 0.010813817907649943 0.0
0.002142820033784071 0.011096464469885577 0.0
0.0022563211968833806 0.011378600666390236 0.0
0.0023727110172915337 0.011660226180717484 0.0
0.0024919864859904994 0.011941340696420888 0.0
0.0026141445939622493 0.012221943897054015 0.0
0.002739182332188752 0.012502035466170437 0.0
0.0028670966916519774 0.012781615087323714 0.0
0.002997884663333896 0.013060682444067424 0.0
0.0031315432382164783 0.013339237219955124 0.0
0.003268069407281693 0.013617279098540385 0.0
0.0034074601615115105 0.013894807763376777 0.0
0.0035497124918879 0.014171822898017864 0.0
0.003694823389392833 0.014448324186017221 0.0
0.00384278984500828 0.014724311310928407 0.0
0.003993608849716208 0.014999783956304991 0.0
0.004147277394498589 0.015274741805700544 0.0
0.004303792470337395 0.015549184542668631 0.0
0.0044631510682145905 0.015823111850762826 0.0
0.00462535017911215 0.016096523413536682 0.0
0.004790386794012041 0.016369418914543774 0.0
0.004958257903896234 0.016641798037337674 0.0
0.005128960499746701 0.016913660465471953 0.0
0.00530249157254541 0.017185005882500163 0.0
0.0054788481132743315 0.017455833971975886 0.0
0.005658027112915435 0.01772614441745268 0.0
0.005840025562450689 0.01799593690248412 0.0
0.006024840452862067 0.018265211110623767 0.0
0.0062124687751315385 0.018533966725425195 0.0
0.006402907520241069 0.018802203430441963 0.0
0.0065961536791726335 0.01906992090922765 0.0
0.0067922042429081975 0.019337118845335805 0.0
0.006991056202429738 0.019603796922320022 0.0
0.007192706548719219 0.019869954823733847 0.0
0.007397152272758609 0.020135592233130856 0.0
0.007604390365529883 0.020400708834064613 0.0
0.00781441781801501 0.020665304310088686 0.0
0.008027231621195955 0.020929378344756652 0.0
0.008242828766054696 0.021192930621622072 0.0
0.008461206243573197 0.021455960824238503 0.0
0.008682361044733427 0.021718468636159526 0.0
0.00890629016051736 0.021980453740938707 0.0
0.009132990581906964 0.0222419158221296 0.0
0.009362459299884211 0.0225028545632858 0.0
0.00959469330543107 0.022763269647960844 0.0
0.009829689589529508 0.02302316075970832 0.0
0.0100674451431615 0.023282527582081786 0.0
0.010307956957309012 0.023541369798634814 0.0
0.010551222022954014 0.02379968709292098 0.0
0.010797237331078478 0.024057479148493828 0.0
0.011045999872664372 0.02431474564890694 0.0
0.011297506638693671 0.02457148627771389 0.0
0.011551754620148338 0.02482770071846824 0.0
0.011808740808010346 0.025083388654723548 0.0
0.012068462193261667 0.025338549770033383 0.0
0.012330915766884267 0.02559318374795133 0.0
0.012596098519860119 0.025847290272030945 0.0
0.012864007443171193 0.0261008690258258 0.0
0.013134639527799453 0.026353919692889447 0.0
0.013407991764726878 0.026606441956775466 0.0
0.013684061144935433 0.026858435501037427 0.0
0.013962844659407087 0.027109900009228895 0.0
0.014244339299123814 0.02736083516490344 0.0
0.014528542055067576 0.027611240651614622 0.0
0.014815449918220354 0.027861116152916008 0.0
0.015105059879564113 0.028110461352361175 0.0
0.01539736893008082 0.02835927593350368 0.0
0.01569237406075245 0.028607559579897114 0.0
0.01599007226256097 0.028855311975095013 0.0
0.016290460526488342 0.029102532802650953 0.0
0.016593535843516555 0.029349221746118516 0.0
0.016899295204627567 0.02959537848905126 0.0
0.017207735600803343 0.029841002715002746 0.0
0.017518854023025863 0.03008609410752656 0.0
0.017832647462277088 0.030330652350176245 0.0
0.018149112909539 0.030574677126505388 0.0
0.01846824735579356 0.03081816812006755 0.0
0.01879004779202274 0.0310611250144163 0.0
0.01911451120920851 0.0313035474931052 0.0
0.019441634598332834 0.031545435239687815 0.0
0.019771414950377694 0.031786787937717734 0.0
0.020103849256325055 0.0320276052707485 0.0
0.02043893450715688 0.0322678869223337 0.0
0.020776667693855153 0.03250763257602689 0.0
0.021117045807401827 0.03274684191538162 0.0
0.021460065838778887 0.03298551462395148 0.0
0.02180572477896829 0.03322365038529006 0.0
0.02215401961895202 0.033461248882950885 0.0
0.022504947349712034 0.03369830980048755 0.0
0.0228585049622303 0.03393483282145359 0.0
0.02321468944748881 0.034170817629402606 0.0
0.023573497796469514 0.03440626390788816 0.0
0.023934927000154392 0.034641171340463815 0.0
0.024298974049525406 0.034875539610683126 0.0
0.024665635935564516 0.03510936840209966 0.0
0.02503490964925372 0.03534265739826702 0.0
0.02540679218157497 0.035575406282738746 0.0
0.025781280523510246 0.03580761473906841 0.0
0.0261583716660415 0.036039282450809576 0.0
0.026538062600150708 0.0362704091015158 0.0
0.02692035031681985 0.03650099437474067 0.0
0.0273052318070309 0.03673103795403775 0.0
0.027692704061765817 0.03696053952296062 0.0
0.02808276407200657 0.03718949876506282 0.0
0.02847540882873513 0.03741791536389792 0.0
0.02887063532293346 0.03764578900301951 0.0
0.029268440545583557 0.03787311936598114 0.0
0.029668821487667363 0.03809990613633639 0.0
0.030071775140166852 0.038326148997638816 0.0
0.03047729849406402 0.03855184763344198 0.0
0.030885388540340782 0.038777001727299455 0.0
0.03129604226997917 0.03900161096276483 0.0
0.031709256673961114 0.03922567502339166 0.0
0.032125028743268606 0.039449193592733495 0.0
0.0325433554688836 0.0396721663543439 0.0
0.03296423384178808 0.03989459299177649 0.0
0.03338766085296399 0.04011647318858477 0.0
0.033813633493393336 0.04033780662832236 0.0
0.034242148754058066 0.0405585929945428 0.0
0.03467320362594015 0.04077883197079965 0.0
0.035106795100021564 0.040998523240646505 0.0
0.03554292016728427 0.04121766648763691 0.0
0.03598157581871025 0.04143626139532444 0.0
0.03642275904528147 0.041654307647262676 0.0
0.03686646683797989 0.04187180492700515 0.0
0.0373126961877875 0.04208875291810547 0.0
0.03776144408568624 0.04230515130411718 0.0
0.03821270752265811 0.04252099976859386 0.0
0.038666483489685065 0.04273629799508906 0.0
0.039122768977749085 0.04295104566715635 0.0
0.03958156097783212 0.043165242468349324 0.0
0.040042856480916156 0.04337888808222152 0.0
0.040506652477983164 0.043591982192326524 0.0
0.04097294596001511 0.0438045244822179 0.0
0.04144173391799396 0.04401651463544919 0.0
0.04191301334290169 0.04422795233557401 0.0
0.042386781225720274 0.04443883726614589 0.0
0.04286303455743165 0.0446491691107184 0.0
0.04334177032901784 0.04485894755284513 0.0
0.04382298553146077 0.04506817227607961 0.0
0.044306677155742435 0.04527684296397545 0.0
0.0447928421928448 0.045484959300086204 0.0
0.04528147763374982 0.045692520967965417 0.0
0.04577258046943949 0.04589952765116669 0.0
0.046266147690895765 0.04610597903324355 0.0
0.046762176289100614 0.04631187479774962 0.0
0.04726066325503601 0.04651721462823842 0.0
0.04776160557968392 0.04672199820826352 0.0
0.04826500025402631 0.04692622522137853 0.0
0.04877084426904517 0.047129895351136965 0.0
0.049279134615722454 0.04733300828109242 0.0
0.04978986828504014 0.04753556369479848 0.0
0.05030304226798018 0.04773756127580866 0.0
0.050818653555524555 0.047939000707676586 0.0
0.05133669913865524 0.04813988167395577 0.0
0.05185717600835422 0.04834020385819983 0.0
0.05238008115560343 0.04853996694396231 0.0
0.05290541157138485 0.04873917061479677 0.0
0.05343316424668046 0.048937814554256796 0.0
0.053963336172472225 0.04913589844589593 0.0
0.054495924339742124 0.04933342197326777 0.0
0.055030925739472124 0.049530384819925874 0.0
0.05556833736264419 0.04972678666942378 0.0
0.05610815620024027 0.04992262720531511 0.0
0.05665037924324237 0.05011790611115338 0.0
0.05719500348263245 0.05031262307049218 0.0
0.05774202590939248 0.05050677776688509 0.0
0.05829144351450441 0.05070036988388564 0.0
0.05884325328895024 0.050893399105047456 0.0
0.059397452223711907 0.05108586511392404 0.0
0.059954037309771425 0.05127776759406902 0.0
0.060513005538110724 0.05146910622903592 0.0
0.06107435389971178 0.05165988070237831 0.0
0.06163807938555659 0.05185009069764979 0.0
0.062204178986627084 0.05203973589840389 0.0
0.06277264969390527 0.052228815988194205 0.0
0.06334348849837311 0.052417330650574294 0.0
0.06391669239101255 0.0526052795690977 0.0
0.06449225836280559 0.05279266242731804 0.0
0.06507018340473418 0.052979478908788846 0.0
0.06565046450778027 0.053165728697063694 0.0
0.06623309866292588 0.05335141147569616 0.0
0.06681808286115296 0.05353652692823977 0.0
0.06740541409344346 0.053721074738248165 0.0
0.06799508935077939 0.05390505458927486 0.0
0.06858710562414265 0.05408846616487343 0.0
0.06918145990451528 0.054271309148597444 0.0
0.06977814918287924 0.05445358322400047 0.0
0.07037717045021648 0.054635288074636086 0.0
0.07097852069750896 0.05481642338405786 0.0
0.07158219691573867 0.054996988835819334 0.0
0.07218819609588757 0.05517698411347411 0.0
0.07279651522893764 0.05535640890057572 0.0
0.07340715130587085 0.055535262880677755 0.0
0.07402010131766916 0.0557135457373338 0.0
0.07463536225531453 0.05589125715409737 0.0
0.07525293110978895 0.05606839681452208 0.0
0.0758728048720744 0.056244964402161465 0.0
0.07649498053315283 0.05642095960056912 0.0
0.07711945508400622 0.0565963820932986 0.0
0.07774622551561652 0.05677123156390348 0.0
0.07837528881896573 0.056945507695937314 0.0
0.07900664198503579 0.057119210172953655 0.0
0.07964028200480869 0.05729233867850611 0.0
0.0802762058692664 0.057464892896148236 0.0
0.08091441056939087 0.05763687250943359 0.0
0.08155489309616408 0.057808277201915725 0.0
0.08219765044056802 0.05797910665714822 0.0
0.08284267959358464 0.05814936055868467 0.0
0.08348997754619591 0.05831903859007862 0.0
0.08413954128938383 0.058488140434883644 0.0
0.08479136781413033 0.05865666577665329 0.0
0.08544545411141735 0.058824614298941126 0.0
0.08610179717222696 0.05899198568530076 0.0
0.08676039398754107 0.05915877961928571 0.0
0.0874212415483416 0.059324995784449566 0.0
0.08808433684561065 0.059490633864345936 0.0
0.08874967687033003 0.05965569354252828 0.0
0.08941725861348188 0.059820174502550276 0.0
0.09008707906604801 0.05998407642796544 0.0
0.0907591352190105 0.06014739900232734 0.0
0.09143342406335128 0.060310141909189575 0.0
0.09210994259005231 0.06047230483210564 0.0
0.09278868779009561 0.06063388745462921 0.0
0.09346965665446309 0.06079488946031375 0.0
0.09415284617413672 0.06095531053271288 0.0
0.09483825334009853 0.06111515035538019 0.0
0.09552587514333041 0.061274408611869155 0.0
0.09621570857481444 0.06143308498573346 0.0
0.09690775062553246 0.061591179160526595 0.0
0.09760199828646651 0.061748690819802145 0.0
0.09829844854859861 0.0619056196471137 0.0
0.0989970984029106 0.06206196532601477 0.0
0.09969794484038459 0.062217727540059 0.0
0.10040098485200243 0.062372905972799896 0.0
0.10110621542874614 0.06252750030779104 0.0
0.10181363356159776 0.06268151022858605 0.0
0.10252323624153911 0.06283493541873839 0.0
0.1032350204595523 0.06298777556180174 0.0
0.10394898320661922 0.0631400303413296 0.0
0.10466512147372188 0.06329169944087554 0.0
0.1053834322518422 0.06344278254399317 0.0
0.10610391253196216 0.063593279334236 0.0
0.10682655930506384 0.06374318949515764 0.0
0.10755136956212906 0.06389251271031166 0.0
0.1082783402941399 0.06404124866325159 0.0
0.10900746849207824 0.06418939703753104 0.0
0.10973875114692608 0.06433695751670351 0.0
0.11047218524966543 0.06448392978432266 0.0
0.11120776779127824 0.064630313523942 0.0
0.11194549576274646 0.0647761084191151 0.0
0.11268536615505206 0.06492131415339557 0.0
0.113427375959177 0.06506593041033688 0.0
0.11417152216610332 0.06520995687349272 0.0
0.11491780176681293 0.06535339322641658 0.0
0.11566621175228785 0.06549623915266203 0.0
0.11641674911350995 0.06563849433578268 0.0
0.11716941084146124 0.06578015845933206 0.0
0.11792419392712379 0.06592123120686375 0.0
0.11868109536147944 0.06606171226193132 0.0
0.11944011213551023 0.06620160130808833 0.0
0.12020124124019813 0.06634089802888839 0.0
0.12096447966652502 0.06647960210788495 0.0
0.12172982440547303 0.06661771322863172 0.0
0.12249727244802397 0.06675523107468219 0.0
0.12326682078515996 0.06689215532958992 0.0
0.12403846640786283 0.06702848567690854 0.0
0.12481220630711465 0.06716422180019155 0.0
0.1255880374738973 0.06729936338299254 0.0
0.12636595689919283 0.0674339101088651 0.0
0.1271459615739832 0.06756786166136276 0.0
0.12792804848925035 0.06770121772403914 0.0
0.12871221463597626 0.06783397798044775 0.0
0.12949845700514287 0.06796614211414219 0.0
0.13028677258773216 0.06809770980867602 0.0
0.1310771583747262 0.06822868074760279 0.0
0.13186961135710687 0.06835905461447611 0.0
0.13266412852585613 0.06848883109284952 0.0
0.13346070687195594 0.06861800986627656 0.0
0.13425934338638834 0.06874659061831086 0.0
0.13506003506013525 0.06887457303250595 0.0
0.13586277888417864 0.0690019567924154 0.0
0.13666757184950054 0.06912874158159277 0.0
0.13747441094708282 0.06925492708359166 0.0
0.1382832931679075 0.06938051298196558 0.0
0.1390942155029566 0.06950549896026814 0.0
0.13990717494321198 0.06962988470205295 0.0
0.1407221684796557 0.06975366989087349 0.0
0.1415391931032697 0.06987685421028335 0.0
0.14235824580503592 0.06999943734383612 0.0
0.1431793235759364 0.07012141897508538 0.0
0.14400242340695305 0.07024279878758467 0.0
0.14482754228906788 0.07036357646488757 0.0
0.1456546772132628 0.07048375169054763 0.0
0.14648382517051983 0.07060332414811843 0.0
0.14731498315182098 0.07072229352115354 0.0
0.14814814814814814 0.07084065949320656 0.0
0.14898331715048332 0.07095842174783097 0.0
0.14982048714980845 0.07107557996858042 0.0
0.15065965513710555 0.07119213383900845 0.0
0.15150081810335658 0.0713080830426686 0.0
0.15234397303954347 0.0714234272631145 0.0
0.15318911693664827 0.07153816618389966 0.0
0.15403624678565284 0.07165229948857768 0.0
0.15488535957753927 0.0717658268607021 0.0
0.15573645230328942 0.07187874798382649 0.0
0.1565895219538853 0.07199106254150447 0.0
0.15744456552030894 0.07210277021728956 0.0
0.15830157999354222 0.07221387069473531 0.0
0.1591605623645672 0.07232436365739535 0.0
0.16002150962436573 0.07243424878882315 0.0
0.16088441876391987 0.0725435257725724 0.0
0.1617492867742116 0.07265219429219659 0.0
0.16261611064622283 0.0727602540312493 0.0
0.16348488737093558 0.0728677046732841 0.0
0.1643556139393318 0.07297454590185454 0.0
0.16522828734239345 0.07308077740051425 0.0
0.1661029045711025 0.0731863988528167 0.0
0.16697946261644092 0.07329140994231556 0.0
0.16785795846939072 0.07339581035256433 0.0
0.1687383891209338 0.07349959976711658 0.0
0.1696207515620522 0.07360277786952593 0.0
0.17050504278372788 0.07370534434334589 0.0
0.17139125977694275 0.07380729887213004 0.0
0.1722793995326789 0.07390864113943198 0.0
0.17316945904191808 0.07400937082880521 0.0
0.17406143529564244 0.0741094876238034 0.0
0.17495532528483398 0.07420899120798001 0.0
0.17585112600047453 0.07430788126488869 0.0
0.1767488344335462 0.07440615747808296 0.0
0.1776484475750308 0.07450381953111637 0.0
0.17854996241591048 0.07460086710754256 0.0
0.17945337594716704 0.07469729989091506 0.0
0.1803586851597825 0.07479311756478742 0.0
0.181265887044739 0.07488831981271324 0.0
0.18217497859301823 0.07498290631824603 0.0
0.18308595679560238 0.07507687676493942 0.0
0.18399881864347334 0.07517023083634697 0.0
0.18491356112761298 0.07526296821602221 0.0
0.1858301812390035 0.07535508858751874 0.0
0.18674867596862663 0.07544659163439009 0.0
0.1876690423074645 0.07553747704018988 0.0
0.18859127724649905 0.07562774448847166 0.0
0.18951537777671215 0.07571739366278898 0.0
0.19044134088908596 0.07580642424669544 0.0
0.1913691635746022 0.07589483592374452 0.0
0.1922988428242431 0.0759826283774899 0.0
0.19323037562899048 0.0760698012914851 0.0
0.19416375897982624 0.07615635434928368 0.0
0.1950989898677326 0.07624228723443922 0.0
0.19603606528369125 0.07632759963050527 0.0
0.1969749822186844 0.07641229122103542 0.0
0.19791573766369383 0.07649636168958324 0.0
0.19885832860970157 0.07657981071970224 0.0
0.19980275204768969 0.07666263799494609 0.0
0.20074900496864 0.07674484319886825 0.0
0.20169708436353462 0.07682642601502235 0.0
0.2026469872233554 0.07690738612696198 0.0
0.20359871053908432 0.07698772321824063 0.0
0.20455225130170346 0.07706743697241193 0.0
0.20550760650219463 0.0771465270730294 0.0
0.20646477313154002 0.07722499320364667 0.0
0.2074237481807214 0.07730283504781726 0.0
0.2083845286407207 0.07738005228909475 0.0
0.20934711150252017 0.07745664461103274 0.0
0.21031149375710148 0.07753261169718469 0.0
0.21127767239544681 0.0776079532311043 0.0
0.21224564440853802 0.07768266889634508 0.0
0.21321540678735712 0.07775675837646055 0.0
0.21418695652288608 0.0778302213550044 0.0
0.21516029060610675 0.07790305751553005 0.0
0.21613540602800133 0.07797526654159118 0.0
0.2171122997795516 0.07804684811674131 0.0
0.21809096885173965 0.078117801924534 0.0
0.21907141023554738 0.07818812764852288 0.0
0.22005362092195668 0.07825782497226141 0.0
0.22103759790194974 0.07832689357930327 0.0
0.22202333816650838 0.07839533315320196 0.0
0.2230108387066146 0.07846314337751105 0.0
0.2240000965132503 0.07853032393578416 0.0
0.22499110857739754 0.07859687451157474 0.0
0.22598387189003832 0.0786627947884365 0.0
0.22697838344215454 0.07872808444992292 0.0
0.22797464022472816 0.0787927431795876 0.0
0.22897263922874117 0.07885677066098411 0.0
0.2299723774451755 0.07892016657766594 0.0
0.2309738518650133 0.0789829306131868 0.0
0.2319770594792363 0.07904506245110014 0.0
0.23298199727882665 0.07910656177495957 0.0
0.23398866225476617 0.07916742826831868 0.0
0.23499705139803695 0.079227661614731 0.0
0.23600716169962094 0.07928726149775012 0.0
0.23701899015050004 0.0793462276009296 0.0
0.23803253374165625 0.07940455960782297 0.0
0.23904778946407157 0.0794622572019839 0.0
0.24006475430872806 0.07951932006696583 0.0
0.24108342526660745 0.07957574788632242 0.0
0.24210379932869186 0.07963154034360719 0.0
0.24312587348596332 0.07968669712237372 0.0
0.2441496447294037 0.07974121790617561 0.0
0.24517511004999493 0.07979510237856635 0.0
0.24620226643871912 0.0798483502230996 0.0
0.24723111088655808 0.07990096112332888 0.0
0.24826164038449394 0.07995293476280774 0.0
0.2492938519235086 0.0800042708250898 0.0
0.250327742494584 0.08005496899372858 0.0
0.2513633090887022 0.08010502895227764 0.0
0.252400548696845 0.0801544503842906 0.0
0.25343945830999454 0.08020323297332099 0.0
0.2544800349191327 0.0802513764029224 0.0
0.2555222755152415 0.08029888035664835 0.0
0.25656617708930285 0.08034574451805247 0.0
0.25761173663229875 0.08039196857068828 0.0
0.2586589511352112 0.0804375521981094 0.0
0.2597078175890221 0.08048249508386934 0.0
0.2607583329847135 0.08052679691152168 0.0
0.2618104943132673 0.08057045736462001 0.0
0.26286429856566557 0.0806134761267179 0.0
0.2639197427328902 0.08065585288136888 0.0
0.2649768238059232 0.0806975873121266 0.0
0.2660355387757465 0.08073867910254451 0.0
0.267095884633342 0.08077912793617624 0.0
0.26815785836969175 0.08081893349657537 0.0
0.2692214569757778 0.08085809546729543 0.0
0.27028667744258206 0.08089661353189007 0.0
0.27135351676108654 0.08093448737391273 0.0
0.272421971922273 0.08097171667691708 0.0
0.2734920399171236 0.08100830112445664 0.0
0.27456371773662036 0.08104424040008498 0.0
0.2756370023717451 0.08107953418735572 0.0
0.2767118908134799 0.08111418216982233 0.0
0.27778838005280665 0.08114818403103845 0.0
0.2788664670807074 0.08118153945455767 0.0
0.27994614888816394 0.08121424812393345 0.0
0.2810274224661585 0.08124630972271948 0.0
0.28211028480567285 0.08127772393446923 0.0
0.2831947328976891 0.08130849044273634 0.0
0.2842807637331891 0.08133860893107435 0.0
0.2853683743031549 0.0813680790830368 0.0
0.2864575615985685 0.0813969005821773 0.0
0.28754832261041174 0.0814250731120494 0.0
0.2886406543296666 0.08145259635620664 0.0
0.28973455374731527 0.08147946999820266 0.0
0.2908300178543395 0.08150569372159094 0.0
0.29192704364172123 0.08153126720992512 0.0
0.29302562810044264 0.08155619014675872 0.0
0.2941257682214855 0.08158046221564533 0.0
0.29522746099583197 0.08160408310013854 0.0
0.2963307034144638 0.08162705248379185 0.0
0.29743549246836315 0.0816493700501589 0.0
0.2985418251485119 0.0816710354827932 0.0
0.29964969844589207 0.08169204846524834 0.0
0.30075910935148553 0.08171240868107793 0.0
0.3018700548562743 0.08173211581383544 0.0
0.3029825319512404 0.08175116954707455 0.0
0.30409653762736577 0.08176956956434873 0.0
0.30521206887563235 0.0817873155492116 0.0
0.30632912268702217 0.08180440718521675 0.0
0.3074476960525171 0.08182084415591766 0.0
0.3085677859630992 0.081836626144868 0.0
0.30968938940975044 0.08185175283562127 0.0
0.3108125033834527 0.08186622391173108 0.0
0.3119371248751881 0.08188003905675098 0.0
0.31306325087593845 0.08189319795423447 0.0
0.31419087837668586 0.08190570028773524 0.0
0.3153200043684121 0.08191754574080679 0.0
0.3164506258420994 0.08192873399700268 0.0
0.3175827397887295 0.08193926473987649 0.0
0.31871634319928466 0.0819491376529818 0.0
0.3198514330647465 0.08195835241987218 0.0
0.32098800637609715 0.08196690872410119 0.0
0.32212606012431855 0.08197480624922236 0.0
0.3232655913003928 0.08198204467878932 0.0
0.3244065968953018 0.0819886236963556 0.0
0.3255490739000275 0.08199454298547476 0.0
0.3266930193055517 0.08199980222970041 0.0
0.3278384301028566 0.08200440111258607 0.0
0.3289853032829242 0.08200833931768534 0.0
0.3301336358367364 0.08201161652855178 0.0
0.33128342475527495 0.08201423242873894 0.0
0.3324346670295222 0.0820161867018004 0.0
0.3335873596504597 0.08201747903128974 0.0
0.3347414996090698 0.08201810910076052 0.0
0.33589708389633444 0.0820180765937663 0.0
0.33705410950323533 0.08201738119386065 0.0
0.3382125734207546 0.08201602258459714 0.0
0.33937247263987413 0.08201400044952932 0.0
0.34053380415157597 0.08201131447221079 0.0
0.34169656494684225 0.0820079643361951 0.0
0.34286075201665467 0.08200394972503583 0.0
0.34402636235199535 0.08199927032228653 0.0
0.3451933929438461 0.08199392581150075 0.0
0.346361840783189 0.08198791587623211 0.0
0.3475317028610062 0.08198124020003414 0.0
0.34870297616827933 0.0819738984664604 0.0
0.3498756576959905 0.08196589035906451 0.0
0.3510497444351218 0.08195721556139997 0.0
0.352225233376655 0.0819478737570204 0.0
0.3534021215115723 0.08193786462947932 0.0
0.3545804058308555 0.08192718786233036 0.0
0.35576008332548653 0.08191584313912702 0.0
0.3569411509864475 0.08190383014342291 0.0
0.35812360580472025 0.0818911485587716 0.0
0.359307444771287 0.08187779806872662 0.0
0.3604926648771294 0.0818637783568416 0.0
0.3616792631132296 0.08184908910667003 0.0
0.3628672364705695 0.08183373000176553 0.0
0.3640565819401311 0.08181770072568166 0.0
0.36524729651289645 0.08180100096197197 0.0
0.3664393771798474 0.08178363039419008 0.0
0.3676328209319659 0.08176558870588947 0.0
0.368827624760234 0.08174687558062377 0.0
0.37002378565563376 0.08172749070194651 0.0
0.37122130060914693 0.08170743375341132 0.0
0.3724201666117556 0.0816867044185717 0.0
0.3736203806544417 0.08166530238098127 0.0
0.3748219397281873 0.08164322732419355 0.0
0.37602484082397436 0.08162047893176212 0.0
0.3772290809327847 0.08159705688724059 0.0
0.3784346570456003 0.08157296087418249 0.0
0.3796415661534034 0.08154819057614138 0.0
0.3808498052471755 0.08152274567667082 0.0
0.38205937131789913 0.08149662585932442 0.0
0.38327026135655584 0.08146983080765573 0.0
0.3844824723541278 0.0814423602052183 0.0
0.38569600130159687 0.08141421373556572 0.0
0.386910845189945 0.08138539108225154 0.0
0.3881270010101545 0.08135589192882935 0.0
0.3893444657532068 0.08132571595885268 0.0
0.3905632364100843 0.08129486285587514 0.0
0.3917833099717687 0.08126333230345027 0.0
0.3930046834292421 0.08123112398513165 0.0
0.3942273537734865 0.08119823758447282 0.0
0.39545131799548383 0.0811646727850274 0.0
0.39667657308621596 0.08113042927034891 0.0
0.397903116036665 0.08109550672399095 0.0
0.3991309438378128 0.08105990482950705 0.0
0.4003600534806416 0.08102362327045082 0.0
0.401590441956133 0.08098666173037579 0.0
0.40282210625526915 0.08094901989283557 0.0
0.404055043369032 0.08091069744138368 0.0
0.40528925028840357 0.08087169405957371 0.0
0.40652472400436584 0.08083200943095924 0.0
0.4077614615079006 0.08079164323909384 0.0
0.4089994597899901 0.08075059516753104 0.0
0.410238715841616 0.08070886489982444 0.0
0.41147922665376047 0.08066645211952758 0.0
0.41272098921740563 0.08062335651019407 0.0
0.41396400052353305 0.08057957775537745 0.0
0.41520825756312496 0.08053511553863128 0.0
0.4164537573271632 0.08048996954350915 0.0
0.4177004968066299 0.08044413945356461 0.0
0.41894847299250704 0.08039762495235123 0.0
0.4201976828757764 0.0803504257234226 0.0
0.42144812344742 0.08030254145033223 0.0
0.4226997916984199 0.08025397181663377 0.0
0.42395268461975805 0.08020471650588072 0.0
0.4252067992024165 0.08015477520162667 0.0
0.42646213243737696 0.08010414758742519 0.0
0.4277186813156216 0.08005283334682985 0.0
0.4289764428281323 0.08000083216339421 0.0
0.4302354139658911 0.07994814372067183 0.0
0.4314955917198801 0.07989476770221632 0.0
0.43275697308108096 0.07984070379158117 0.0
0.43401955504047585 0.07978595167232004 0.0
0.43528333458904667 0.07973051102798644 0.0
0.4365483087177754 0.07967438154213394 0.0
0.4378144744176442 0.0796175628983161 0.0
0.4390818286796347 0.07956005478008654 0.0
0.4403503684947291 0.07950185687099875 0.0
0.4416200908539092 0.07944296885460637 0.0
0.4428909927481573 0.07938339041446292 0.0
0.444163071168455 0.079323121234122 0.0
0.4454363231057844 0.07926216099713715 0.0
0.44671074555112744 0.07920050938706197 0.0
0.4479863354954662 0.07913816608744997 0.0
0.4492630899297827 0.07907513078185478 0.0
0.45054100584505874 0.07901140315382993 0.0
0.45182008023227627 0.07894698288692902 0.0
0.45310031008241736 0.07888186966470558 0.0
0.45438169238646386 0.07881606317071319 0.0
0.4556642241353981 0.0787495630885054 0.0
0.45694790232020155 0.07868236910163583 0.0
0.45823272393185654 0.07861448089365802 0.0
0.4595186859613448 0.07854589814812553 0.0
0.46080578539964845 0.07847662054859193 0.0
0.4620940192377496 0.07840664777861077 0.0
0.46338338446662986 0.07833597952173567 0.0
0.4646738780772714 0.07826461546152015 0.0
0.46596549706065626 0.0781925552815178 0.0
0.46725823840776626 0.07811979866528217 0.0
0.4685520991095836 0.07804634529636684 0.0
0.46984707615709 0.07797219485832538 0.0
0.4711431665412673 0.07789734703471134 0.0
0.4724403672530979 0.07782180150907829 0.0
0.4737386752835635 0.07774555796497984 0.0
0.4750380876236462 0.07766861608596949 0.0
0.4763386012643278 0.07759097555560086 0.0
0.47764021319659045 0.0775126360574275 0.0
0.47894292041141584 0.07743359727500297 0.0
0.4802467198997863 0.07735385889188087 0.0
0.48155160865268376 0.07727342059161471 0.0
0.4828575836610899 0.0771922820577581 0.0
0.48416464191598685 0.0771104429738646 0.0
0.4854727804083566 0.07702790302348778 0.0
0.48678199612918116 0.0769446618901812 0.0
0.48809228606944244 0.07686071925749842 0.0
0.48940364722012236 0.07677607480899303 0.0
0.49071607657220295 0.07669072822821857 0.0
0.49202957111666623 0.07660467919872864 0.0
0.493344127844494 0.07651792740407679 0.0
0.49465974374666855 0.07643047252781657 0.0
0.4959764158141715 0.07634231425350158 0.0
0.49729414103798497 0.07625345226468537 0.0
0.49861291640909094 0.0761638862449215 0.0
0.49993273891847134 0.07607361587776357 0.0
0.5012536055571083 0.0759826408467651 0.0
0.5025755133159835 0.07589096083547969 0.0
0.5038984591860791 0.07579857552746092 0.0
0.505222440158377 0.07570548460626231 0.0
0.5065474532238593 0.07561168775543747 0.0
0.5078734953735079 0.07551718465853995 0.0
0.5092005635983047 0.07542197499912331 0.0
0.5105286548892316 0.07532605846074115 0.0
0.5118577662372708 0.07522943472694701 0.0
0.5131878946334041 0.07513210348129445 0.0
0.5145190370686137 0.07503406440733705 0.0
0.5158511905338812 0.07493531718862839 0.0
0.5171843520201889 0.07483586150872203 0.0
0.5185185185185185 0.07473569705117153 0.0
0.5198536870198521 0.07463482349953046 0.0
0.5211898545151719 0.07453324053735237 0.0
0.5225270179954594 0.07443094784819086 0.0
0.5238651744516969 0.0743279451155995 0.0
0.5252043208748662 0.07422423202313182 0.0
0.5265444542559494 0.07411980825434142 0.0
0.5278855715859286 0.07401467349278183 0.0
0.5292276698557854 0.07390882742200665 0.0
0.5305707460565021 0.07380226972556948 0.0
0.5319147971790603 0.07369500008702383 0.0
0.5332598202144425 0.07358701818992325 0.0
0.5346058121536303 0.07347832371782138 0.0
0.5359527699876057 0.07336891635427174 0.0
0.5373006907073505 0.07325879578282793 0.0
0.538649571303847 0.07314796168704346 0.0
0.5399994087680774 0.07303641375047194 0.0
0.541350200091023 0.07292415165666695 0.0
0.5427019422636662 0.07281117508918204 0.0
0.5440546322769887 0.07269748373157077 0.0
0.5454082671219728 0.0725830772673867 0.0
0.5467628437896004 0.07246795538018343 0.0
0.5481183592708532 0.0723521177535145 0.0
0.5494748105567133 0.07223556407093347 0.0
0.5508321946381627 0.07211829401599396 0.0
0.5521905085061836 0.07200030727224949 0.0
0.5535497491517576 0.07188160352325362 0.0
0.5549099135658668 0.07176218245255994 0.0
0.5562709987394933 0.07164204374372202 0.0
0.5576330016636188 0.07152118708029344 0.0
0.5589959193292255 0.07139961214582773 0.0
0.5603597487272955 0.07127731862387847 0.0
0.5617244868488104 0.07115430619799926 0.0
0.5630901306847523 0.07103057455174362 0.0
0.5644566772261033 0.07090612336866516 0.0
0.5658241234638453 0.0707809523323174 0.0
0.5671924663889603 0.07065506112625393 0.0
0.5685617029924301 0.07052844943402835 0.0
0.5699318302652367 0.07040111693919418 0.0
0.5713028451983623 0.07027306332530502 0.0
0.5726747447827887 0.07014428827591442 0.0
0.574047526009498 0.07001479147457594 0.0
0.575421185869472 0.06988457260484317 0.0
0.5767957213536927 0.06975363135026967 0.0
0.5781711294531421 0.069621967394409 0.0
0.5795474071588023 0.06948958042081474 0.0
0.5809245514616551 0.06935647011304043 0.0
0.5823025593526826 0.06922263615463968 0.0
0.5836814278228666 0.06908807822916602 0.0
0.585061153863189 0.06895279602017304 0.0
0.5864417344646321 0.0688167892112143 0.0
0.5878231666181779 0.06868005748584335 0.0
0.589205447314808 0.0685426005276138 0.0
0.5905885735455045 0.06840441802007918 0.0
0.5919725423012493 0.06826550964679307 0.0
0.5933573505730246 0.06812587509130905 0.0
0.5947429953518125 0.06798551403718064 0.0
0.5961294736285944 0.06784442616796146 0.0
0.5975167823943527 0.06770261116720508 0.0
0.5989049186400692 0.06756006871846504 0.0
0.6002938793567258 0.0674167985052949 0.0
0.601683661535305 0.06727280021124823 0.0
0.6030742621667882 0.06712807351987865 0.0
0.6044656782421574 0.06698261811473967 0.0
0.6058579067523948 0.06683643367938488 0.0
0.6072509446884823 0.06668951989736782 0.0
0.608644789041402 0.0665418764522421 0.0
0.6100394368021355 0.06639350302756125 0.0
0.6114348849616649 0.06624439930687888 0.0
0.6128311305109725 0.06609456497374853 0.0
0.61422817044104 0.06594399971172374 0.0
0.6156260017428493 0.06579270320435814 0.0
0.6170246214073826 0.06564067513520526 0.0
0.6184240264256217 0.06548791518781867 0.0
0.6198242137885484 0.06533442304575193 0.0
0.6212251804871451 0.06518019839255862 0.0
0.6226269235123936 0.06502524091179232 0.0
0.6240294398552757 0.06486955028700657 0.0
0.6254327265067735 0.06471312620175496 0.0
0.626836780457869 0.06455596833959105 0.0
0.6282415986995442 0.06439807638406837 0.0
0.6296471782227809 0.06423945001874058 0.0
0.6310535160185612 0.06408008892716116 0.0
0.6324606090778669 0.06391999279288371 0.0
0.6338684543916803 0.0637591612994618 0.0
0.6352770489509831 0.06359759413044898 0.0
0.6366863897467574 0.06343529096939883 0.0
0.638096473769985 0.06327225149986494 0.0
0.6395072980116482 0.06310847540540085 0.0
0.6409188594627286 0.06294396236956015 0.0
0.6423311551142085 0.06277871207589635 0.0
0.6437441819570695 0.06261272420796307 0.0
0.6451579369822938 0.06244599844931389 0.0
0.6465724171808636 0.06227853448350234 0.0
0.6479876195437602 0.062110331994081995 0.0
0.6494035410619663 0.06194139066460642 0.0
0.6508201787264634 0.0617717101786292 0.0
0.6522375295282337 0.06160129021970391 0.0
0.6536555904582589 0.06143013047138407 0.0
0.6550743585075213 0.061258230617223325 0.0
0.656493830667003 0.061085590340775146 0.0
0.6579140039276852 0.06091220932559318 0.0
0.6593348752805507 0.06073808725523096 0.0
0.660756441716581 0.06056322381324206 0.0
0.6621787002267582 0.06038761868318004 0.0
0.6636016478020645 0.06021127154859847 0.0
0.6650252814334814 0.060034182093050927 0.0
0.6664495981119913 0.05985635000009098 0.0
0.6678745948285758 0.05967777495327219 0.0
0.6693002685742171 0.05949845663614813 0.0
0.6707266163398973 0.059318394732272316 0.0
0.6721536351165981 0.0591375889251984 0.0
0.6735813218953015 0.05895603889847991 0.0
0.6750096736669896 0.05877374433567042 0.0
0.6764386874226442 0.05859070492032347 0.0
0.6778683601532477 0.058406920335992644 0.0
0.6792986888497815 0.058222390266231536 0.0
0.6807296705032279 0.0580371143945937 0.0
0.6821613021045686 0.05785109240463268 0.0
0.6835935806447859 0.05766432397990208 0.0
0.6850265031148618 0.057476808803955406 0.0
0.6864600665057778 0.057288546560346286 0.0
0.6878942678085164 0.05709953693262828 0.0
0.6893291040140592 0.05690977960435494 0.0
0.6907645721133884 0.056719274259079834 0.0
0.6922006690974859 0.05652802058035651 0.0
0.6936373919573335 0.05633601825173859 0.0
0.6950747376839134 0.05614326695677959 0.0
0.6965127032682075 0.05594976637903311 0.0
0.6979512857011976 0.055755516202052706 0.0
0.6993904819738662 0.055560516109391916 0.0
0.7008302890771947 0.05536476578460437 0.0
0.7022707040021652 0.05516826491124358 0.0
0.7037117237397597 0.05497101317286315 0.0
0.7051533452809603 0.054773010253016625 0.0
0.706595565616749 0.05457425583525757 0.0
0.7080383817381075 0.05437474960313957 0.0
0.7094817906360179 0.05417449124021619 0.0
0.7109257893014622 0.053973480430041 0.0
0.7123703747254225 0.05377171685616753 0.0
0.7138155438988805 0.0535692002021494 0.0
0.7152612938128183 0.05336593015154016 0.0
0.7167076214582178 0.05316190638789337 0.0
0.7181545238260612 0.05295712859476259 0.0
0.7196019979073303 0.052751596455701384 0.0
0.721050040693007 0.05254530965426336 0.0
0.7224986491740734 0.05233826787400205 0.0
0.7239478203415113 0.05213047079847104 0.0
0.7253975511863029 0.05192191811122388 0.0
0.7268478386994301 0.051712609495814126 0.0
0.7282986798718747 0.05150254463579538 0.0
0.7297500716946188 0.05129172321472121 0.0
0.7312020111586444 0.051080144916145154 0.0
0.7326544952549334 0.05086780942362079 0.0
0.7341075209744681 0.05065471642070167 0.0
0.73556108530823 0.05044086559094142 0.0
0.737015185247201 0.050226256617893546 0.0
0.7384698177823635 0.050010889185111644 0.0
0.7399249799046993 0.04979476297614927 0.0
0.7413806686051905 0.04957787767455999 0.0
0.7428368808748187 0.04936023296389739 0.0
0.7442936137045663 0.04914182852771503 0.0
0.7457508640854149 0.048922664049566474 0.0
0.7472086290083466 0.04870273921300528 0.0
0.7486669054643437 0.048482053701585 0.0
0.7501256904443875 0.04826060719885925 0.0
0.7515849809394605 0.04803839938838158 0.0
0.7530447739405446 0.04781542995370555 0.0
0.7545050664386216 0.04759169857838473 0.0
0.7559658554246736 0.04736720494597265 0.0
0.7574271378896826 0.04714194874002295 0.0
0.7588889108246303 0.046915929644089166 0.0
0.7603511712204991 0.04668914734172486 0.0
0.7618139160682705 0.04646160151648358 0.0
0.763277142358927 0.04623329185191889 0.0
0.76474084708345 0.046004218031584415 0.0
0.7662050272328217 0.0457743797390337 0.0
0.7676696797980244 0.04554377665782029 0.0
0.7691348017700395 0.04531240847149774 0.0
0.7706003901398496 0.04508027486361966 0.0
0.772066441898436 0.04484737551773961 0.0
0.7735329540367812 0.04461371011741113 0.0
0.7749999235458668 0.04437927834618781 0.0
0.776467347416675 0.04414407988762323 0.0
0.777935222640188 0.043908114425270886 0.0
0.7794035462073872 0.04367138164268444 0.0
0.7808723151092547 0.04343388122341741 0.0
0.7823415263367728 0.04319561285102338 0.0
0.7838111768809233 0.04295657620905591 0.0
0.7852812637326883 0.042716770981068526 0.0
0.7867517838830493 0.04247619685061487 0.0
0.7882227343229887 0.042234853501248476 0.0
0.7896941120434884 0.04199274061652291 0.0
0.7911659140355303 0.04174985787999175 0.0
0.7926381372900966 0.04150620497520851 0.0
0.7941107787981689 0.04126178158572684 0.0
0.7955838355507292 0.041016587395100265 0.0
0.7970573045387599 0.04077062208688236 0.0
0.7985311827532429 0.040523885344626656 0.0
0.8000054671851595 0.040276376851886786 0.0
0.8014801548254921 0.040028096292216285 0.0
0.8029552426652229 0.03977904334916872 0.0
0.8044307276953335 0.039529217706297665 0.0
0.8059066069068064 0.03927861904715665 0.0
0.8073828772906229 0.0390272470552993 0.0
0.8088595358377653 0.038775101414279145 0.0
0.8103365795392157 0.03852218180764978 0.0
0.8118140053859557 0.03826848791896476 0.0
0.8132918103689677 0.03801401943177761 0.0
0.8147699914792333 0.03775877602964198 0.0
0.8162485457077346 0.03750275739611138 0.0
0.8177274700454537 0.03724596321473939 0.0
0.8192067614833725 0.03698839316907959 0.0
0.8206864170124729 0.036730046942685515 0.0
0.8221664336237369 0.03647092421911076 0.0
0.8236468083081464 0.03621102468190891 0.0
0.8251275380566834 0.0359503480146335 0.0
0.82660861986033 0.03568889390083811 0.0
0.8280900507100681 0.03542666202407628 0.0
0.8295718275968798 0.03516365206790161 0.0
0.8310539475117467 0.03489986371586769 0.0
0.832536407445651 0.03463529665152803 0.0
0.8340192043895748 0.034369950558436245 0.0
0.8355023353344999 0.03410382512014584 0.0
0.8369857972714083 0.033836920020210465 0.0
0.8384695871912818 0.03356923494218364 0.0
0.8399537020851027 0.03330076956961894 0.0
0.8414381389438528 0.033031523586069936 0.0
0.8429228947585141 0.03276149667509016 0.0
0.8444079665200687 0.03249068852023325 0.0
0.8458933512194982 0.03221909880505273 0.0
0.8473790458477848 0.03194672721310216 0.0
0.8488650473959105 0.031673573427935135 0.0
0.8503513528548574 0.031399637133105174 0.0
0.8518379592156072 0.031124918012165912 0.0
0.8533248634691418 0.03084941574867087 0.0
0.8548120626064435 0.030573130026173637 0.0
0.856299553618494 0.030296060528227777 0.0
0.8577873334962757 0.03001820693838681 0.0
0.85927539923077 0.029739568940204394 0.0
0.8607637478129592 0.02946014621723403 0.0
0.8622523762338251 0.029179938453029314 0.0
0.8637412814843498 0.0288989453311438 0.0
0.8652304605555153 0.028617166535131026 0.0
0.8667199104383035 0.02833460174854463 0.0
0.8682096281236963 0.028051250654938138 0.0
0.8696996106026759 0.027767112937865122 0.0
0.8711898548662239 0.027482188280879158 0.0
0.8726803579053226 0.02719647636753376 0.0
0.8741711167109538 0.02690997688138258 0.0
0.8756621282740997 0.02662268950597914 0.0
0.8771533895857417 0.026334613924877015 0.0
0.8786448976368624 0.02604574982162977 0.0
0.8801366494184438 0.025756096879790948 0.0
0.8816286419214673 0.025465654782914165 0.0
0.8831208721369151 0.02517442321455297 0.0
0.8846133370557694 0.024882401858260926 0.0
0.886106033669012 0.024589590397591597 0.0
0.887598958967625 0.02429598851609853 0.0
0.88909210994259 0.02400159589733534 0.0
0.8905854835848893 0.023706412224855578 0.0
0.8920790768855049 0.0234104371822128 0.0
0.8935728868354187 0.02311367045296058 0.0
0.8950669104256124 0.022816111720652447 0.0
0.8965611446470684 0.022517760668842042 0.0
0.8980555864907684 0.0222186169810829 0.0
0.8995502329476943 0.021918680340928573 0.0
0.9010450810088286 0.021617950431932615 0.0
0.9025401276651527 0.02131642693764865 0.0
0.9040353699076485 0.021014109541630212 0.0
0.9055308047272985 0.020710997927430874 0.0
0.9070264291150844 0.020407091778604197 0.0
0.9085222400619881 0.020102390778703717 0.0
0.9100182345589916 0.019796894611283075 0.0
0.9115144095970769 0.019490602959895794 0.0
0.913010762167226 0.01918351550809545 0.0
0.9145072892604207 0.018875631939435606 0.0
0.9160039878676434 0.018566951937469794 0.0
0.9175008549798754 0.018257475185751656 0.0
0.9189978875880994 0.01794720136783472 0.0
0.9204950826832969 0.017636130167272564 0.0
0.9219924372564499 0.017324261267618737 0.0
0.9234899482985407 0.017011594352426784 0.0
0.9249876128005509 0.016698129105250346 0.0
0.9264854277534625 0.016383865209642946 0.0
0.9279833901482578 0.016068802349158154 0.0
0.9294814969759182 0.01575294020734954 0.0
0.9309797452274264 0.015436278467770636 0.0
0.9324781318937637 0.015118816813975077 0.0
0.9339766539659125 0.014800554929516398 0.0
0.9354753084348545 0.014481492497948167 0.0
0.9369740922915719 0.014161629202823954 0.0
0.9384730025270466 0.013840964727697282 0.0
0.9399720361322604 0.013519498756121793 0.0
0.9414711900981955 0.01319723097165103 0.0
0.9429704614158336 0.012874161057838545 0.0
0.944469847076157 0.012550288698237913 0.0
0.9459693440701477 0.012225613576402665 0.0
0.9474689493887871 0.011900135375886443 0.0
0.9489686600230578 0.011573853780242773 0.0
0.9504684729639413 0.011246768473025224 0.0
0.9519683852024199 0.010918879137787368 0.0
0.9534683937294757 0.010590185458082732 0.0
0.9549684955360902 0.010260687117464957 0.0
0.9564686876132457 0.009930383799487574 0.0
0.9579689669519238 0.009599275187704152 0.0
0.9594693305431069 0.009267360965668256 0.0
0.960969775377777 0.008934640816933419 0.0
0.9624702984469157 0.008601114425053282 0.0
0.9639708967415052 0.008266781473581375 0.0
0.9654715672525274 0.007931641646071266 0.0
0.9669723069709641 0.00759569462607652 0.0
0.9684731128877979 0.0072589400971506705 0.0
0.96997398199401 0.0069213777428473585 0.0
0.9714749112805827 0.006583007246720114 0.0
0.9729758977384981 0.006243828292322505 0.0
0.974476938358738 0.005903840563208099 0.0
0.9759780301322846 0.005563043742930424 0.0
0.9774791700501194 0.005221437515043127 0.0
0.9789803551032247 0.004879021563099733 0.0
0.9804815822825825 0.004535795570653814 0.0
0.9819828485791746 0.0041917592212589345 0.0
0.9834841509839832 0.0038469121984686253 0.0
0.98498548648799 0.0035012541858365285 0.0
0.9864868520821772 0.003154784866916176 0.0
0.9879882447575264 0.002807503925261133 0.0
0.9894896615050203 0.00245941104442493 0.0
0.99099109931564 0.002110505907961212 0.0
0.9924925551803682 0.0017607881994235062 0.0
0.9939940260901863 0.0014102576023653814 0.0
0.9954955090360765 0.0010589138003404047 0.0
0.9969970010090211 0.0007067564769021046 0.0
0.9984984990000015 0.0003537853156041269 0.0
1.0 0.0 0.0
0.0 0.0 0.0
1.5025030030025015e-06 -0.0003009394506119906 0.0
6.008005999989976e-06 -0.0006006453560340403 0.0
1.351349997293238e-05 -0.0008991196133377191 0.0
2.401597590379966e-05 -0.0011963641195945982 0.0
3.7512424774561793e-05 -0.0014923807718762476 0.0
5.39998375671887e-05 -0.001787171467254238 0.0
7.347520526365038e-05 -0.00208073810280014 0.0
9.593551884591672e-05 -0.0023730825755855227 0.0
0.00012137776929595775 -0.002664206782681958 0.0
0.0001497989475957434 -0.0029541126211610155 0.0
0.00018119604472724361 -0.003242801988094266 0.0
0.00021556605167242834 -0.003530276780553281 0.0
0.0002529059594132675 -0.0038165388956096285 0.0
0.00029321275893173115 -0.00410159023033488 0.0
0.0003364834412097892 -0.004385432681800609 0.0
0.0003827149972294115 -0.00466806814707838 0.0
0.0004319044179725681 -0.004949498523239768 0.0
0.00048404869442122907 -0.005229725707356341 0.0
0.0005391448175573643 -0.005508751596499672 0.0
0.0005971897783629436 -0.005786578087741329 0.0
0.0006581805678199369 -0.006063207078152882 0.0
0.0007221141769103144 -0.006338640464805905 0.0
0.000788987596616046 -0.006612880144771963 0.0
0.0008587978179191014 -0.006885928015122633 0.0
0.0009315418318014506 -0.007157785972929482 0.0
0.0010072166292450643 -0.007428455915264081 0.0
0.0010858192012319114 -0.007697939739197998 0.0
0.001167346538743962 -0.007966239341802803 0.0
0.0012517956327631867 -0.008233356620150073 0.0
0.0013391634742715554 -0.008499293471311372 0.0
0.0014294470542510374 -0.008764051792358276 0.0
0.001522643363683603 -0.009027633480362349 0.0
0.001618749393551222 -0.009290040432395162 0.0
0.0017177621348358648 -0.00955127454552829 0.0
0.0018196785785195015 -0.009811337716833306 0.0
0.0019244957155841013 -0.010070231843381771 0.0
0.0020322105370116344 -0.010327958822245263 0.0
0.002142820033784071 -0.010584520550495346 0.0
0.0022563211968833806 -0.010839918925203596 0.0
0.0023727110172915337 -0.011094155843441582 0.0
0.0024919864859904994 -0.011347233202280876 0.0
0.0026141445939622493 -0.011599152898793041 0.0
0.002739182332188752 -0.011849916830049656 0.0
0.0028670966916519774 -0.012099526893122287 0.0
0.002997884663333896 -0.012347984985082511 0.0
0.0031315432382164783 -0.012595293003001887 0.0
0.003268069407281693 -0.012841452843951993 0.0
0.0034074601615115105 -0.013086466405004398 0.0
0.0035497124918879 -0.013330335583230673 0.0
0.003694823389392833 -0.01357306227570239 0.0
0.00384278984500828 -0.013814648379491116 0.0
0.003993608849716208 -0.014055095791668422 0.0
0.004147277394498589 -0.014294406409305878 0.0
0.004303792470337395 -0.014532582129475058 0.0
0.0044631510682145905 -0.01476962484924753 0.0
0.00462535017911215 -0.015005536465694863 0.0
0.004790386794012041 -0.015240318875888626 0.0
0.004958257903896234 -0.015473973976900396 0.0
0.005128960499746701 -0.015706503665801744 0.0
0.00530249157254541 -0.01593790983966423 0.0
0.0054788481132743315 -0.016168194395559433 0.0
0.005658027112915435 -0.016397359230558923 0.0
0.005840025562450689 -0.016625406241734263 0.0
0.006024840452862067 -0.016852337326157037 0.0
0.0062124687751315385 -0.0170781543808988 0.0
0.006402907520241069 -0.017302859303031135 0.0
0.0065961536791726335 -0.017526453989625605 0.0
0.0067922042429081975 -0.017748940337753778 0.0
0.006991056202429738 -0.017970320244487234 0.0
0.007192706548719219 -0.018190595606897536 0.0
0.007397152272758609 -0.01840976832205626 0.0
0.007604390365529883 -0.018627840287034975 0.0
0.00781441781801501 -0.018844813398905248 0.0
0.008027231621195955 -0.01906068955473865 0.0
0.008242828766054696 -0.019275470651606758 0.0
0.008461206243573197 -0.01948915858658113 0.0
0.008682361044733427 -0.01970175525673334 0.0
0.00890629016051736 -0.019913262559134972 0.0
0.009132990581906964 -0.020123682390857583 0.0
0.009362459299884211 -0.020333016648972753 0.0
0.00959469330543107 -0.020541267230552034 0.0
0.009829689589529508 -0.020748436032667014 0.0
0.0100674451431615 -0.02095452495238926 0.0
0.010307956957309012 -0.021159535886790336 0.0
0.010551222022954014 -0.021363470732941828 0.0
0.010797237331078478 -0.021566331387915288 0.0
0.011045999872664372 -0.021768119748782292 0.0
0.011297506638693671 -0.021968837712614413 0.0
0.011551754620148338 -0.022168487176483228 0.0
0.011808740808010346 -0.022367070037460295 0.0
0.012068462193261667 -0.022564588192617183 0.0
0.012330915766884267 -0.022761043539025475 0.0
0.012596098519860119 -0.022956437973756738 0.0
0.012864007443171193 -0.023150773393882544 0.0
0.013134639527799453 -0.023344051696474452 0.0
0.013407991764726878 -0.023536274778604035 0.0
0.013684061144935433 -0.02372744453734288 0.0
0.013962844659407087 -0.023917562869762536 0.0
0.014244339299123814 -0.024106631672934593 0.0
0.014528542055067576 -0.024294652843930606 0.0
0.014815449918220354 -0.024481628279822146 0.0
0.015105059879564113 -0.02466755987768079 0.0
0.01539736893008082 -0.024852449534578113 0.0
0.01569237406075245 -0.025036299147585685 0.0
0.01599007226256097 -0.02521911061377506 0.0
0.016290460526488342 -0.025400885830217816 0.0
0.016593535843516555 -0.025581626693985535 0.0
0.016899295204627567 -0.02576133510214978 0.0
0.017207735600803343 -0.025940012951782117 0.0
0.017518854023025863 -0.026117662139954125 0.0
0.017832647462277088 -0.026294284563737357 0.0
0.018149112909539 -0.026469882120203403 0.0
0.01846824735579356 -0.02664445670642383 0.0
0.01879004779202274 -0.026818010219470202 0.0
0.01911451120920851 -0.02699054455641409 0.0
0.019441634598332834 -0.02716206161432706 0.0
0.019771414950377694 -0.027332563290280703 0.0
0.020103849256325055 -0.02750205148134657 0.0
0.02043893450715688 -0.027670528084596236 0.0
0.020776667693855153 -0.02783799499710128 0.0
0.021117045807401827 -0.028004454115933247 0.0
0.021460065838778887 -0.02816990733816373 0.0
0.02180572477896829 -0.028334356560864304 0.0
0.02215401961895202 -0.02849780368110653 0.0
0.022504947349712034 -0.02866025059596198 0.0
0.0228585049622303 -0.028821699202502205 0.0
0.02321468944748881 -0.028982151397798802 0.0
0.023573497796469514 -0.029141609078923346 0.0
0.023934927000154392 -0.029300074142947392 0.0
0.024298974049525406 -0.029457548486942504 0.0
0.024665635935564516 -0.029614034007980246 0.0
0.02503490964925372 -0.029769532603132223 0.0
0.02540679218157497 -0.02992404616946999 0.0
0.025781280523510246 -0.030077576604065112 0.0
0.0261583716660415 -0.030230125803989153 0.0
0.026538062600150708 -0.030381695666313678 0.0
0.02692035031681985 -0.030532288088110288 0.0
0.0273052318070309 -0.030681904966450534 0.0
0.027692704061765817 -0.030830548198405992 0.0
0.02808276407200657 -0.03097821968104823 0.0
0.02847540882873513 -0.031124921311448804 0.0
0.02887063532293346 -0.0312706549866793 0.0
0.029268440545583557 -0.0314154226038113 0.0
0.029668821487667363 -0.03155922605991636 0.0
0.030071775140166852 -0.03170206725206604 0.0
0.03047729849406402 -0.03184394807733192 0.0
0.030885388540340782 -0.03198487043278558 0.0
0.03129604226997917 -0.03212483621549859 0.0
0.031709256673961114 -0.032263847322542505 0.0
0.032125028743268606 -0.032401905650988896 0.0
0.0325433554688836 -0.03253901309790933 0.0
0.03296423384178808 -0.032675171560375416 0.0
0.03338766085296399 -0.03281038293545868 0.0
0.033813633493393336 -0.03294464912023072 0.0
0.034242148754058066 -0.03307797201176309 0.0
0.03467320362594015 -0.03321035350712736 0.0
0.035106795100021564 -0.03334179550339511 0.0
0.03554292016728427 -0.03347229989763791 0.0
0.03598157581871025 -0.03360186858692733 0.0
0.03642275904528147 -0.03373050346833493 0.0
0.03686646683797989 -0.03385820643893229 0.0
0.0373126961877875 -0.033984979395790975 0.0
0.03776144408568624 -0.03411082423598257 0.0
0.03821270752265811 -0.034235742856578634 0.0
0.038666483489685065 -0.03435973715465073 0.0
0.039122768977749085 -0.03448280902727043 0.0
0.03958156097783212 -0.03460496037150932 0.0
0.040042856480916156 -0.03472619308443896 0.0
0.040506652477983164 -0.03484650906313092 0.0
0.04097294596001511 -0.03496591020465678 0.0
0.04144173391799396 -0.03508439840608809 0.0
0.04191301334290169 -0.03520197556449644 0.0
0.042386781225720274 -0.0353186435769534 0.0
0.04286303455743165 -0.03543440434053052 0.0
0.04334177032901784 -0.03554925975229939 0.0
0.04382298553146077 -0.03566321170933156 0.0
0.044306677155742435 -0.03577626210869864 0.0
0.0447928421928448 -0.03588841284747216 0.0
0.04528147763374982 -0.035999665822723716 0.0
0.04577258046943949 -0.03611002293152487 0.0
0.046266147690895765 -0.03621948607094717 0.0
0.046762176289100614 -0.03632805713806223 0.0
0.04726066325503601 -0.03643573802994159 0.0
0.04776160557968392 -0.03654253064365681 0.0
0.04826500025402631 -0.03664843687627951 0.0
0.04877084426904517 -0.03675345862488121 0.0
0.049279134615722454 -0.036857597786533504 0.0
0.04978986828504014 -0.036960856258307966 0.0
0.05030304226798018 -0.03706323593727613 0.0
0.050818653555524555 -0.03716473872050963 0.0
0.05133669913865524 -0.03726536650507997 0.0
0.05185717600835422 -0.03736512118805877 0.0
0.05238008115560343 -0.037464004666517586 0.0
0.05290541157138485 -0.037562018837527966 0.0
0.05343316424668046 -0.03765916559816152 0.0
0.053963336172472225 -0.03775544684548978 0.0
0.054495924339742124 -0.03785086447658434 0.0
0.055030925739472124 -0.03794542038851677 0.0
0.05556833736264419 -0.038039116478358614 0.0
0.05610815620024027 -0.0381319546431815 0.0
0.05665037924324237 -0.03822393678005693 0.0
0.05719500348263245 -0.038315064786056514 0.0
0.05774202590939248 -0.03840534055825182 0.0
0.05829144351450441 -0.038494765993714396 0.0
0.05884325328895024 -0.038583342989515844 0.0
0.059397452223711907 -0.038671073442727716 0.0
0.059954037309771425 -0.038757959250421595 0.0
0.060513005538110724 -0.03884400230966904 0.0
0.06107435389971178 -0.0389292045175416 0.0
0.06163807938555659 -0.0390135677711109 0.0
0.062204178986627084 -0.03909709396744847 0.0
0.06277264969390527 -0.039179785003625886 0.0
0.06334348849837311 -0.039261642776714734 0.0
0.06391669239101255 -0.039342669183786545 0.0
0.06449225836280559 -0.03942286612191294 0.0
0.06507018340473418 -0.03950223548816546 0.0
0.06565046450778027 -0.039580779179615694 0.0
0.06623309866292588 -0.039658499093335194 0.0
0.06681808286115296 -0.039735397126395525 0.0
0.06740541409344346 -0.03981147517586829 0.0
0.06799508935077939 -0.039886735138825034 0.0
0.06858710562414265 -0.03996117891233732 0.0
0.06918145990451528 -0.04003480839347675 0.0
0.06977814918287924 -0.04010762547931485 0.0
0.07037717045021648 -0.04017963206692323 0.0
0.07097852069750896 -0.04025083005337345 0.0
0.07158219691573867 -0.040321221335737074 0.0
0.07218819609588757 -0.04039080781108568 0.0
0.07279651522893764 -0.040459591376490814 0.0
0.07340715130587085 -0.04052757392902408 0.0
0.07402010131766916 -0.040594757365757045 0.0
0.07463536225531453 -0.04066114358376125 0.0
0.07525293110978895 -0.040726734480108294 0.0
0.0758728048720744 -0.040791531951869735 0.0
0.07649498053315283 -0.04085553789611715 0.0
0.07711945508400622 -0.04091875420992211 0.0
0.07774622551561652 -0.040981182790356174 0.0
0.07837528881896573 -0.041042825534490915 0.0
0.07900664198503579 -0.0411036843393979 0.0
0.07964028200480869 -0.04116376110214873 0.0
0.0802762058692664 -0.041223057719814944 0.0
0.08091441056939087 -0.04128157608946813 0.0
0.08155489309616408 -0.04133931810817983 0.0
0.08219765044056802 -0.04139628567302163 0.0
0.08284267959358464 -0.04145248068106512 0.0
0.08348997754619591 -0.04150790502938186 0.0
0.08413954128938383 -0.04156256061504342 0.0
0.08479136781413033 -0.041616449335121354 0.0
0.08544545411141735 -0.04166957308668723 0.0
0.08610179717222696 -0.04172193376681265 0.0
0.08676039398754107 -0.04177353327256917 0.0
0.0874212415483416 -0.04182437350102835 0.0
0.08808433684561065 -0.041874456349261784 0.0
0.08874967687033003 -0.04192378371434099 0.0
0.08941725861348188 -0.04197235749333761 0.0
0.09008707906604801 -0.04202017958332316 0.0
0.0907591352190105 -0.042067251881369234 0.0
0.09143342406335128 -0.04211357628454741 0.0
0.09210994259005231 -0.042159154689929215 0.0
0.09278868779009561 -0.042203988994586286 0.0
0.09346965665446309 -0.04224808109559014 0.0
0.09415284617413672 -0.04229143289001237 0.0
0.09483825334009853 -0.042334046274924556 0.0
0.09552587514333041 -0.04237592314739823 0.0
0.09621570857481444 -0.042417065404505 0.0
0.09690775062553246 -0.04245747494331643 0.0
0.09760199828646651 -0.04249715366090408 0.0
0.09829844854859861 -0.04253610345433953 0.0
0.0989970984029106 -0.04257432622069431 0.0
0.09969794484038459 -0.042611823857040064 0.0
0.10040098485200243 -0.04264859826044831 0.0
0.10110621542874614 -0.04268465132799063 0.0
0.10181363356159776 -0.042719984956738614 0.0
0.10252323624153911 -0.042754601043763774 0.0
0.1032350204595523 -0.04278850148613777 0.0
0.10394898320661922 -0.0428216881809321 0.0
0.10466512147372188 -0.042854163025218356 0.0
0.1053834322518422 -0.04288592791606813 0.0
0.10610391253196216 -0.042916984750552944 0.0
0.10682655930506384 -0.04294733542574442 0.0
0.10755136956212906 -0.0429769818387141 0.0
0.1082783402941399 -0.043005925886533555 0.0
0.10900746849207824 -0.043034169466274384 0.0
0.10973875114692608 -0.043061714475008096 0.0
0.11047218524966543 -0.04308856280980633 0.0
0.11120776779127824 -0.04311471636774062 0.0
0.11194549576274646 -0.04314017704588253 0.0
0.11268536615505206 -0.043164946741303674 0.0
0.113427375959177 -0.04318902735107554 0.0
0.11417152216610332 -0.0432124207722698 0.0
0.11491780176681293 -0.04323512890195795 0.0
0.11566621175228785 -0.04325715363721158 0.0
0.11641674911350995 -0.043278496875102296 0.0
0.11716941084146124 -0.0432991605127016 0.0
0.11792419392712379 -0.04331914644708112 0.0
0.11868109536147944 -0.043338456575312406 0.0
0.11944011213551023 -0.04335709279446702 0.0
0.12020124124019813 -0.04337505700161657 0.0
0.12096447966652502 -0.043392351093832555 0.0
0.12172982440547303 -0.043408976968186616 0.0
0.12249727244802397 -0.04342493652175029 0.0
0.12326682078515996 -0.04344023165159515 0.0
0.12403846640786283 -0.04345486425479278 0.0
0.12481220630711465 -0.04346883622841473 0.0
0.1255880374738973 -0.04348214946953258 0.0
0.12636595689919283 -0.0434948058752179 0.0
0.1271459615739832 -0.04350680734254226 0.0
0.12792804848925035 -0.04351815576857725 0.0
0.12871221463597626 -0.0435288530503944 0.0
0.12949845700514287 -0.04353890108506532 0.0
0.13028677258773216 -0.043548301769661554 0.0
0.1310771583747262 -0.04355705700125468 0.0
0.13186961135710687 -0.043565168676916295 0.0
0.13266412852585613 -0.043572638693717906 0.0
0.13346070687195594 -0.04357946894873114 0.0
0.13425934338638834 -0.04358566133902754 0.0
0.13506003506013525 -0.043591217761678694 0.0
0.13586277888417864 -0.043596140113756184 0.0
0.13666757184950054 -0.04360043029233153 0.0
0.13747441094708282 -0.04360409019447635 0.0
0.1382832931679075 -0.04360712171726218 0.0
0.1390942155029566 -0.04360952675776061 0.0
0.13990717494321198 -0.04361130721304323 0.0
0.1407221684796557 -0.04361246498018158 0.0
0.1415391931032697 -0.04361300195624723 0.0
0.14235824580503592 -0.04361292003831177 0.0
0.1431793235759364 -0.04361222112344674 0.0
0.14400242340695305 -0.043610907108723763 0.0
0.14482754228906788 -0.04360897989121435 0.0
0.1456546772132628 -0.043606441367990106 0.0
0.14648382517051983 -0.04360329343612259 0.0
0.14731498315182098 -0.04359953799268338 0.0
0.14814814814814814 -0.043595176934744066 0.0
0.14898331715048332 -0.04359021215937617 0.0
0.14982048714980845 -0.04358464556365129 0.0
0.15065965513710555 -0.043578479044640996 0.0
0.15150081810335658 -0.04357171449941684 0.0
0.15234397303954347 -0.04356435382505044 0.0
0.15318911693664827 -0.043556398918613314 0.0
0.15403624678565284 -0.04354785167717707 0.0
0.15488535957753927 -0.043538713997813255 0.0
0.15573645230328942 -0.04352898777759342 0.0
0.1565895219538853 -0.04351867491358921 0.0
0.15744456552030894 -0.043507777302872114 0.0
0.15830157999354222 -0.04349629684251375 0.0
0.1591605623645672 -0.04348423542958568 0.0
0.16002150962436573 -0.04347159496115943 0.0
0.16088441876391987 -0.04345837733430666 0.0
0.1617492867742116 -0.043444584446098854 0.0
0.16261611064622283 -0.043430218193607636 0.0
0.16348488737093558 -0.04341528047390456 0.0
0.1643556139393318 -0.04339977318406117 0.0
0.16522828734239345 -0.0433836982211491 0.0
0.1661029045711025 -0.04336705748223985 0.0
0.16697946261644092 -0.04334985286440504 0.0
0.16785795846939072 -0.04333208626471622 0.0
0.1687383891209338 -0.04331375958024494 0.0
0.1696207515620522 -0.04329487470806285 0.0
0.17050504278372788 -0.04327543354524141 0.0
0.17139125977694275 -0.043255437988852265 0.0
0.1722793995326789 -0.04323488993596696 0.0
0.17316945904191808 -0.04321379128365705 0.0
0.17406143529564244 -0.043192143928994176 0.0
0.17495532528483398 -0.043169949769049816 0.0
0.17585112600047453 -0.043147210700895604 0.0
0.1767488344335462 -0.043123928621603094 0.0
0.1776484475750308 -0.043100105428243815 0.0
0.17854996241591048 -0.04307574301788939 0.0
0.17945337594716704 -0.04305084328761139 0.0
0.1803586851597825 -0.04302540813448137 0.0
0.181265887044739 -0.04299943945557089 0.0
0.18217497859301823 -0.04297293914795151 0.0
0.18308595679560238 -0.04294590910869485 0.0
0.18399881864347334 -0.04291835123487245 0.0
0.18491356112761298 -0.04289026742355587 0.0
0.1858301812390035 -0.042861659571816695 0.0
0.18674867596862663 -0.042832529576726466 0.0
0.1876690423074645 -0.042802879335356814 0.0
0.18859127724649905 -0.04277271074477926 0.0
0.18951537777671215 -0.0427420257020654 0.0
0.19044134088908596 -0.042710826104286795 0.0
0.1913691635746022 -0.04267911384851497 0.0
0.1922988428242431 -0.042646890831821584 0.0
0.19323037562899048 -0.04261415895127816 0.0
0.19416375897982624 -0.04258092010395627 0.0
0.1950989898677326 -0.04254717618692747 0.0
0.19603606528369125 -0.042512929097263355 0.0
0.1969749822186844 -0.04247818073203549 0.0
0.19791573766369383 -0.04244293298831544 0.0
0.19885832860970157 -0.04240718776317478 0.0
0.19980275204768969 -0.04237094695368508 0.0
0.20074900496864 -0.04233421245691788 0.0
0.20169708436353462 -0.04229698616994482 0.0
0.2026469872233554 -0.04225926998983741 0.0
0.20359871053908432 -0.04222106581366724 0.0
0.20455225130170346 -0.04218237553850589 0.0
0.20550760650219463 -0.042143201061424884 0.0
0.20646477313154002 -0.042103544279495864 0.0
0.2074237481807214 -0.04206340708979036 0.0
0.2083845286407207 -0.042022791389379956 0.0
0.20934711150252017 -0.04198169907533621 0.0
0.21031149375710148 -0.04194013204473066 0.0
0.21127767239544681 -0.04189809219463495 0.0
0.21224564440853802 -0.04185558142212062 0.0
0.21321540678735712 -0.0418126016242592 0.0
0.21418695652288608 -0.04176915469812234 0.0
0.21516029060610675 -0.04172524254078152 0.0
0.21613540602800133 -0.04168086704930837 0.0
0.2171122997795516 -0.04163603012077446 0.0
0.21809096885173965 -0.04159073365225133 0.0
0.21907141023554738 -0.041544979540810587 0.0
0.22005362092195668 -0.04149876968352375 0.0
0.22103759790194974 -0.04145210597746244 0.0
0.22202333816650838 -0.041404990319698215 0.0
0.2230108387066146 -0.041357424607302615 0.0
0.2240000965132503 -0.04130941073734727 0.0
0.22499110857739754 -0.041260950606903664 0.0
0.22598387189003832 -0.04121204611304346 0.0
0.22697838344215454 -0.04116269915283818 0.0
0.22797464022472816 -0.04111291162335938 0.0
0.22897263922874117 -0.04106268542167867 0.0
0.2299723774451755 -0.04101202244486758 0.0
0.2309738518650133 -0.04096092458999772 0.0
0.2319770594792363 -0.04090939375414065 0.0
0.23298199727882665 -0.0408574318343679 0.0
0.23398866225476617 -0.04080504072775112 0.0
0.23499705139803695 -0.040752222331361776 0.0
0.23600716169962094 -0.040698978542271544 0.0
0.23701899015050004 -0.04064531125755193 0.0
0.23803253374165625 -0.040591222374274503 0.0
0.23904778946407157 -0.040536713789510896 0.0
0.24006475430872806 -0.04048178740033259 0.0
0.24108342526660745 -0.040426445103811215 0.0
0.24210379932869186 -0.040370688797018335 0.0
0.24312587348596332 -0.040314520377025494 0.0
0.2441496447294037 -0.040257941740904316 0.0
0.24517511004999493 -0.040200954785726294 0.0
0.24620226643871912 -0.04014356140856307 0.0
0.24723111088655808 -0.04008576350648617 0.0
0.24826164038449394 -0.04002756297656718 0.0
0.2492938519235086 -0.03996896171587768 0.0
0.250327742494584 -0.03990996162148922 0.0
0.2513633090887022 -0.03985056459047337 0.0
0.252400548696845 -0.039790772519901735 0.0
0.25343945830999454 -0.03973058730684584 0.0
0.2544800349191327 -0.039670010848377305 0.0
0.2555222755152415 -0.03960904504156764 0.0
0.25656617708930285 -0.03954769178348846 0.0
0.25761173663229875 -0.03948595297121132 0.0
0.2586589511352112 -0.03942383050180778 0.0
0.2597078175890221 -0.03936132627234947 0.0
0.2607583329847135 -0.03929844217990787 0.0
0.2618104943132673 -0.039235180121554615 0.0
0.26286429856566557 -0.03917154199436125 0.0
0.2639197427328902 -0.03910752969539934 0.0
0.2649768238059232 -0.0390431451217405 0.0
0.2660355387757465 -0.038978390170456234 0.0
0.267095884633342 -0.03891326673861815 0.0
0.26815785836969175 -0.03884777672329782 0.0
0.2692214569757778 -0.03878192202156679 0.0
0.27028667744258206 -0.038715704530496685 0.0
0.27135351676108654 -0.03864912614715901 0.0
0.272421971922273 -0.03858218876862537 0.0
0.2734920399171236 -0.03851489429196733 0.0
0.27456371773662036 -0.03844724461425645 0.0
0.2756370023717451 -0.03837924163256434 0.0
0.2767118908134799 -0.03831088724396252 0.0
0.27778838005280665 -0.03824218334552259 0.0
0.2788664670807074 -0.03817313183431611 0.0
0.27994614888816394 -0.03810373460741463 0.0
0.2810274224661585 -0.03803399356188978 0.0
0.28211028480567285 -0.03796391059481307 0.0
0.2831947328976891 -0.037893487603256094 0.0
0.2842807637331891 -0.037822726484290435 0.0
0.2853683743031549 -0.03775162913498761 0.0
0.2864575615985685 -0.037680197452419295 0.0
0.28754832261041174 -0.03760843333365694 0.0
0.2886406543296666 -0.0375363386757722 0.0
0.28973455374731527 -0.03746391537583661 0.0
0.2908300178543395 -0.037391165330921725 0.0
0.29192704364172123 -0.03731809043809917 0.0
0.29302562810044264 -0.03724469259444046 0.0
0.2941257682214855 -0.0371709736970172 0.0
0.29522746099583197 -0.03709693564290095 0.0
0.2963307034144638 -0.037022580329163245 0.0
0.29743549246836315 -0.03694790965287574 0.0
0.2985418251485119 -0.036872925511109926 0.0
0.29964969844589207 -0.036797629800937405 0.0
0.30075910935148553 -0.03672202441942976 0.0
0.3018700548562743 -0.03664611126365851 0.0
0.3029825319512404 -0.0365698922306953 0.0
0.30409653762736577 -0.036493369217611635 0.0
0.30521206887563235 -0.03641654412147912 0.0
0.30632912268702217 -0.03633941883936933 0.0
0.3074476960525171 -0.036261995268353796 0.0
0.3085677859630992 -0.036184275305504145 0.0
0.30968938940975044 -0.0361062608478919 0.0
0.3108125033834527 -0.03602795379258866 0.0
0.3119371248751881 -0.035949356036665985 0.0
0.31306325087593845 -0.03587046947719543 0.0
0.31419087837668586 -0.03579129601124859 0.0
0.3153200043684121 -0.03571183753589703 0.0
0.3164506258420994 -0.03563209594821232 0.0
0.3175827397887295 -0.03555207314526602 0.0
0.31871634319928466 -0.0354717710241297 0.0
0.3198514330647465 -0.03539119148187495 0.0
0.32098800637609715 -0.035310336415573323 0.0
0.32212606012431855 -0.035229207722296395 0.0
0.3232655913003928 -0.035147807299115735 0.0
0.3244065968953018 -0.03506613704310291 0.0
0.3255490739000275 -0.0349841988513295 0.0
0.3266930193055517 -0.03490199462086707 0.0
0.3278384301028566 -0.034819526248787196 0.0
0.3289853032829242 -0.034736795632161435 0.0
0.3301336358367364 -0.034653804668061367 0.0
0.33128342475527495 -0.034570555253558566 0.0
0.3324346670295222 -0.034487049285724596 0.0
0.3335873596504597 -0.034403288661631025 0.0
0.3347414996090698 -0.03431927527834944 0.0
0.33589708389633444 -0.03423501103295138 0.0
0.33705410950323533 -0.03415049782250845 0.0
0.3382125734207546 -0.03406573754409219 0.0
0.33937247263987413 -0.033980732094774195 0.0
0.34053380415157597 -0.03389548337162602 0.0
0.34169656494684225 -0.03380999327171924 0.0
0.34286075201665467 -0.03372426369212544 0.0
0.34402636235199535 -0.03363829652991617 0.0
0.3451933929438461 -0.033552093682163005 0.0
0.346361840783189 -0.03346565704593753 0.0
0.3475317028610062 -0.033378988518311274 0.0
0.34870297616827933 -0.033292089996355856 0.0
0.3498756576959905 -0.033204963377142835 0.0
0.3510497444351218 -0.03311761055774375 0.0
0.352225233376655 -0.03303003343523022 0.0
0.3534021215115723 -0.03294223390667377 0.0
0.3545804058308555 -0.03285421386914601 0.0
0.35576008332548653 -0.03276597521971848 0.0
0.3569411509864475 -0.03267751985546276 0.0
0.35812360580472025 -0.032588849673450423 0.0
0.359307444771287 -0.03249996657075304 0.0
0.3604926648771294 -0.03241087244444219 0.0
0.3616792631132296 -0.03232156919158942 0.0
0.3628672364705695 -0.03223205870926631 0.0
0.3640565819401311 -0.03214234289454445 0.0
0.36524729651289645 -0.03205242364449538 0.0
0.3664393771798474 -0.0319623028561907 0.0
0.3676328209319659 -0.03187198242670195 0.0
0.368827624760234 -0.03178146425310072 0.0
0.37002378565563376 -0.03169075023245858 0.0
0.37122130060914693 -0.031599842261847096 0.0
0.3724201666117556 -0.03150874223833785 0.0
0.3736203806544417 -0.03141745205900239 0.0
0.3748219397281873 -0.031325973620912294 0.0
0.37602484082397436 -0.031234308821139138 0.0
0.3772290809327847 -0.031142459556754497 0.0
0.3784346570456003 -0.03105042772482994 0.0
0.3796415661534034 -0.030958215222437028 0.0
0.3808498052471755 -0.030865823946647337 0.0
0.38205937131789913 -0.030773255794532425 0.0
0.38327026135655584 -0.03068051266316388 0.0
0.3844824723541278 -0.030587596449613286 0.0
0.38569600130159687 -0.03049450905095218 0.0
0.386910845189945 -0.03040125236425214 0.0
0.3881270010101545 -0.030307828286584747 0.0
0.3893444657532068 -0.03021423871502157 0.0
0.3905632364100843 -0.030120485546634185 0.0
0.3917833099717687 -0.030026570678494145 0.0
0.3930046834292421 -0.02993249600767303 0.0
0.3942273537734865 -0.029838263431242396 0.0
0.39545131799548383 -0.029743874846273846 0.0
0.39667657308621596 -0.029649332149838933 0.0
0.397903116036665 -0.029554637239009224 0.0
0.3991309438378128 -0.02945979201085628 0.0
0.4003600534806416 -0.029364798362451688 0.0
0.401590441956133 -0.029269658190867017 0.0
0.40282210625526915 -0.029174373393173844 0.0
0.404055043369032 -0.02907894586644372 0.0
0.40528925028840357 -0.028983377507748223 0.0
0.40652472400436584 -0.028887670214158924 0.0
0.4077614615079006 -0.0287918258827474 0.0
0.4089994597899901 -0.028695846410585216 0.0
0.410238715841616 -0.028599733694743945 0.0
0.41147922665376047 -0.02850348963229515 0.0
0.41272098921740563 -0.0284071161203104 0.0
0.41396400052353305 -0.028310615055861285 0.0
0.41520825756312496 -0.028213988336019364 0.0
0.4164537573271632 -0.0281172378578562 0.0
0.4177004968066299 -0.028020365518443377 0.0
0.41894847299250704 -0.027923373214852432 0.0
0.4201976828757764 -0.02782626284415499 0.0
0.42144812344742 -0.02772903630342258 0.0
0.4226997916984199 -0.027631695489726795 0.0
0.42395268461975805 -0.02753424230013919 0.0
0.4252067992024165 -0.027436678631731333 0.0
0.42646213243737696 -0.02733900638157481 0.0
0.4277186813156216 -0.027241227446741186 0.0
0.4289764428281323 -0.02714334372430202 0.0
0.4302354139658911 -0.027045357111328897 0.0
0.4314955917198801 -0.026947269504893373 0.0
0.43275697308108096 -0.02684908280206704 0.0
0.43401955504047585 -0.02675079889992146 0.0
0.43528333458904667 -0.026652419695528194 0.0
0.4365483087177754 -0.026553947085958814 0.0
0.4378144744176442 -0.02645538296828489 0.0
0.4390818286796347 -0.02635672923957801 0.0
0.4403503684947291 -0.026257987796909722 0.0
0.4416200908539092 -0.026159160537351612 0.0
0.4428909927481573 -0.02606024935797523 0.0
0.444163071168455 -0.02596125615585217 0.0
0.4454363231057844 -0.025862182828054 0.0
0.44671074555112744 -0.02576303127165228 0.0
0.4479863354954662 -0.025663803383718577 0.0
0.4492630899297827 -0.025564501061324463 0.0
0.45054100584505874 -0.025465126201541524 0.0
0.45182008023227627 -0.02536568070144132 0.0
0.45310031008241736 -0.025266166458095433 0.0
0.45438169238646386 -0.0251665853685754 0.0
0.4556642241353981 -0.02506693932995282 0.0
0.45694790232020155 -0.024967230239299257 0.0
0.45823272393185654 -0.024867459993686288 0.0
0.4595186859613448 -0.024767630490185474 0.0
0.46080578539964845 -0.024667743625868394 0.0
0.4620940192377496 -0.024567801297806585 0.0
0.46338338446662986 -0.024467805403071675 0.0
0.4646738780772714 -0.024367757838735196 0.0
0.46596549706065626 -0.02426766050186873 0.0
0.46725823840776626 -0.02416751528954384 0.0
0.4685520991095836 -0.024067324098832096 0.0
0.46984707615709 -0.023967088826805073 0.0
0.4711431665412673 -0.02386681137053435 0.0
0.4724403672530979 -0.02376649362709149 0.0
0.4737386752835635 -0.023666137493548053 0.0
0.4750380876236462 -0.023565744866975616 0.0
0.4763386012643278 -0.02346531764444576 0.0
0.47764021319659045 -0.02336485772303005 0.0
0.47894292041141584 -0.023264366999800057 0.0
0.4802467198997863 -0.02316384737182734 0.0
0.48155160865268376 -0.023063300736183474 0.0
0.4828575836610899 -0.022962728989940045 0.0
0.48416464191598685 -0.022862134030168606 0.0
0.4854727804083566 -0.022761517753940738 0.0
0.48678199612918116 -0.02266088205832801 0.0
0.48809228606944244 -0.022560228840401975 0.0
0.48940364722012236 -0.022459559997234226 0.0
0.49071607657220295 -0.022358877425896324 0.0
0.49202957111666623 -0.022258183023459846 0.0
0.493344127844494 -0.02215747868699636 0.0
0.49465974374666855 -0.022056766313577413 0.0
0.4959764158141715 -0.02195604780027461 0.0
0.49729414103798497 -0.021855325044159508 0.0
0.49861291640909094 -0.021754599942303676 0.0
0.49993273891847134 -0.02165387439177869 0.0
0.5012536055571083 -0.021553150289656098 0.0
0.5025755133159835 -0.021452429533007498 0.0
0.5038984591860791 -0.02135171401890446 0.0
0.505222440158377 -0.021251005644418536 0.0
0.5065474532238593 -0.021150306306621305 0.0
0.5078734953735079 -0.021049617902584337 0.0
0.5092005635983047 -0.0209489423293792 0.0
0.5105286548892316 -0.020848281484077476 0.0
0.5118577662372708 -0.02074763726375073 0.0
0.5131878946334041 -0.020647011565470524 0.0
0.5145190370686137 -0.02054640628630842 0.0
0.5158511905338812 -0.02044582332333602 0.0
0.5171843520201889 -0.020345264573624875 0.0
0.5185185185185185 -0.02024473193424656 0.0
0.5198536870198521 -0.020144227302272635 0.0
0.5211898545151719 -0.02004375257477467 0.0
0.5225270179954594 -0.01994330964882425 0.0
0.5238651744516969 -0.019842900421492952 0.0
0.5252043208748662 -0.019742526789852326 0.0
0.5265444542559494 -0.01964219065097395 0.0
0.5278855715859286 -0.019541893901929383 0.0
0.5292276698557854 -0.019441638439790212 0.0
0.5305707460565021 -0.01934142616162801 0.0
0.5319147971790603 -0.01924125896451434 0.0
0.5332598202144425 -0.019141138745520758 0.0
0.5346058121536303 -0.01904106740171886 0.0
0.5359527699876057 -0.018941046830180205 0.0
0.5373006907073505 -0.018841078927976363 0.0
0.538649571303847 -0.018741165592178907 0.0
0.5399994087680774 -0.01864130871985939 0.0
0.541350200091023 -0.018541510208089407 0.0
0.5427019422636662 -0.018441771953940523 0.0
0.5440546322769887 -0.01834209585448431 0.0
0.5454082671219728 -0.018242483806792328 0.0
0.5467628437896004 -0.018142937707936138 0.0
0.5481183592708532 -0.018043459454987337 0.0
0.5494748105567133 -0.01794405094501748 0.0
0.5508321946381627 -0.01784471407509815 0.0
0.5521905085061836 -0.0177454507423009 0.0
0.5535497491517576 -0.017646262843697302 0.0
0.5549099135658668 -0.01754715227635894 0.0
0.5562709987394933 -0.017448120937357377 0.0
0.5576330016636188 -0.017349170723764195 0.0
0.5589959193292255 -0.017250303532650942 0.0
0.5603597487272955 -0.01715152126108919 0.0
0.5617244868488104 -0.017052825806150532 0.0
0.5630901306847523 -0.016954219064906524 0.0
0.5644566772261033 -0.01685570293442874 0.0
0.5658241234638453 -0.016757279311788744 0.0
0.5671924663889603 -0.016658950094058104 0.0
0.5685617029924301 -0.01656071717830841 0.0
0.5699318302652367 -0.016462582461611214 0.0
0.5713028451983623 -0.016364547841038097 0.0
0.5726747447827887 -0.016266615213660622 0.0
0.574047526009498 -0.016168786476550352 0.0
0.575421185869472 -0.01607106352677888 0.0
0.5767957213536927 -0.01597344826141776 0.0
0.5781711294531421 -0.01587594257753857 0.0
0.5795474071588023 -0.01577854837221288 0.0
0.5809245514616551 -0.01568126754251224 0.0
0.5823025593526826 -0.015584101985508247 0.0
0.5836814278228666 -0.015487053598272465 0.0
0.585061153863189 -0.015390124277876465 0.0
0.5864417344646321 -0.015293315921391807 0.0
0.5878231666181779 -0.015196630425890062 0.0
0.589205447314808 -0.015100069688442816 0.0
0.5905885735455045 -0.015003635606121628 0.0
0.5919725423012493 -0.014907330075998078 0.0
0.5933573505730246 -0.014811154995143724 0.0
0.5947429953518125 -0.014715112260630131 0.0
0.5961294736285944 -0.01461920376952889 0.0
0.5975167823943527 -0.01452343141891156 0.0
0.5989049186400692 -0.014427797105849719 0.0
0.6002938793567258 -0.014332302727414927 0.0
0.601683661535305 -0.014236950180678748 0.0
0.6030742621667882 -0.014141741362712772 0.0
0.6044656782421574 -0.01404667817058856 0.0
0.6058579067523948 -0.013951762501377692 0.0
0.6072509446884823 -0.013856996252151721 0.0
0.608644789041402 -0.013762381319982218 0.0
0.6100394368021355 -0.013667919601940769 0.0
0.6114348849616649 -0.013573612995098938 0.0
0.6128311305109725 -0.013479463396528299 0.0
0.61422817044104 -0.0133854727033004 0.0
0.6156260017428493 -0.013291642812486846 0.0
0.6170246214073826 -0.013197975621159186 0.0
0.6184240264256217 -0.013104473026388997 0.0
0.6198242137885484 -0.013011136925247847 0.0
0.6212251804871451 -0.012917969214807295 0.0
0.6226269235123936 -0.012824971792138935 0.0
0.6240294398552757 -0.012732146554314325 0.0
0.6254327265067735 -0.012639495398405035 0.0
0.626836780457869 -0.01254702022148264 0.0
0.6282415986995442 -0.01245472292061869 0.0
0.6296471782227809 -0.012362605392884791 0.0
0.6310535160185612 -0.01227066953535249 0.0
0.6324606090778669 -0.012178917245093361 0.0
0.6338684543916803 -0.01208735041917898 0.0
0.6352770489509831 -0.011995970954680898 0.0
0.6366863897467574 -0.011904780748670716 0.0
0.638096473769985 -0.011813781698219984 0.0
0.6395072980116482 -0.011722975700400278 0.0
0.6409188594627286 -0.011632364652283173 0.0
0.6423311551142085 -0.011541950450940218 0.0
0.6437441819570695 -0.011451734993443013 0.0
0.6451579369822938 -0.011361720176863115 0.0
0.6465724171808636 -0.011271907898272093 0.0
0.6479876195437602 -0.011182300054741521 0.0
0.6494035410619663 -0.011092898543342954 0.0
0.6508201787264634 -0.011003705261147991 0.0
0.6522375295282337 -0.010914722105228186 0.0
0.6536555904582589 -0.010825950972655107 0.0
0.6550743585075213 -0.010737393760500332 0.0
0.656493830667003 -0.010649052365835415 0.0
0.6579140039276852 -0.010560928685731953 0.0
0.6593348752805507 -0.0104730246172615 0.0
0.660756441716581 -0.010385342057495627 0.0
0.6621787002267582 -0.010297882903505909 0.0
0.6636016478020645 -0.0102106490523639 0.0
0.6650252814334814 -0.0101236424011412 0.0
0.6664495981119913 -0.01003686484690936 0.0
0.6678745948285758 -0.009950318286739954 0.0
0.6693002685742171 -0.009864004617704555 0.0
0.6707266163398973 -0.009777925736874717 0.0
0.6721536351165981 -0.009692083541322038 0.0
0.6735813218953015 -0.009606479928118075 0.0
0.6750096736669896 -0.009521116794334395 0.0
0.6764386874226442 -0.009435996037042574 0.0
0.6778683601532477 -0.009351119553314169 0.0
0.6792986888497815 -0.009266489240220771 0.0
0.6807296705032279 -0.009182106994833943 0.0
0.6821613021045686 -0.009097974714225252 0.0
0.6835935806447859 -0.009014094295466273 0.0
0.6850265031148618 -0.008930467635628558 0.0
0.6864600665057778 -0.008847096631783706 0.0
0.6878942678085164 -0.008763983181003274 0.0
0.6893291040140592 -0.00868112918035883 0.0
0.6907645721133884 -0.008598536526921951 0.0
0.6922006690974859 -0.00851620711776419 0.0
0.6936373919573335 -0.008434142849957145 0.0
0.6950747376839134 -0.008352345620572368 0.0
0.6965127032682075 -0.008270817326681435 0.0
0.6979512857011976 -0.008189559865355918 0.0
0.6993904819738662 -0.008108575133667369 0.0
0.7008302890771947 -0.008027865028687391 0.0
0.7022707040021652 -0.007947431447487531 0.0
0.7037117237397597 -0.00786727628713937 0.0
0.7051533452809603 -0.007787401444714474 0.0
0.706595565616749 -0.0077078088172844025 0.0
0.7080383817381075 -0.007628500301920748 0.0
0.7094817906360179 -0.00754947779569507 0.0
0.7109257893014622 -0.0074707431956789385 0.0
0.7123703747254225 -0.007392298398943917 0.0
0.7138155438988805 -0.00731414530256159 0.0
0.7152612938128183 -0.007236285803603524 0.0
0.7167076214582178 -0.007158721799141286 0.0
0.7181545238260612 -0.007081455186246446 0.0
0.7196019979073303 -0.007004487861990568 0.0
0.721050040693007 -0.006927821723445238 0.0
0.7224986491740734 -0.00685145866768202 0.0
0.7239478203415113 -0.006775400591772483 0.0
0.7253975511863029 -0.0066996493927881946 0.0
0.7268478386994301 -0.006624206967800722 0.0
0.7282986798718747 -0.006549075213881651 0.0
0.7297500716946188 -0.006474256028102541 0.0
0.7312020111586444 -0.006399751307534964 0.0
0.7326544952549334 -0.0063255629492504906 0.0
0.7341075209744681 -0.006251692850320684 0.0
0.73556108530823 -0.00617814290781713 0.0
0.737015185247201 -0.006104915018811392 0.0
0.7384698177823635 -0.006032011080375036 0.0
0.7399249799046993 -0.005959432989579639 0.0
0.7413806686051905 -0.005887182643496759 0.0
0.7428368808748187 -0.005815261939197983 0.0
0.7442936137045663 -0.005743672773754876 0.0
0.7457508640854149 -0.005672417044239005 0.0
0.7472086290083466 -0.005601496647721943 0.0
0.7486669054643437 -0.005530913481275251 0.0
0.7501256904443875 -0.0054606694419705145 0.0
0.7515849809394605 -0.005390766426879299 0.0
0.7530447739405446 -0.005321206333073172 0.0
0.7545050664386216 -0.005251991057623705 0.0
0.7559658554246736 -0.00518312249760246 0.0
0.7574271378896826 -0.005114602550081026 0.0
0.7588889108246303 -0.005046433112130964 0.0
0.7603511712204991 -0.0049786160808238415 0.0
0.7618139160682705 -0.004911153353231231 0.0
0.763277142358927 -0.004844046826424697 0.0
0.76474084708345 -0.004777298397475823 0.0
0.7662050272328217 -0.004710909963456174 0.0
0.7676696797980244 -0.004644883421437317 0.0
0.7691348017700395 -0.004579220668490825 0.0
0.7706003901398496 -0.004513923601688262 0.0
0.772066441898436 -0.004448994118101211 0.0
0.7735329540367812 -0.004384434114801236 0.0
0.7749999235458668 -0.004320245488859907 0.0
0.776467347416675 -0.004256430137348793 0.0
0.777935222640188 -0.00419298995733946 0.0
0.7794035462073872 -0.004129926845903492 0.0
0.7808723151092547 -0.004067242700112453 0.0
0.7823415263367728 -0.004004939417037911 0.0
0.7838111768809233 -0.003943018893751436 0.0
0.7852812637326883 -0.003881483027324596 0.0
0.7867517838830493 -0.003820333714828971 0.0
0.7882227343229887 -0.0037595728533361284 0.0
0.7896941120434884 -0.003699202339917634 0.0
0.7911659140355303 -0.003639224071645061 0.0
0.7926381372900966 -0.0035796399455899726 0.0
0.7941107787981689 -0.003520451858823953 0.0
0.7955838355507292 -0.0034616617084185664 0.0
0.7970573045387599 -0.0034032713914453824 0.0
0.7985311827532429 -0.0033452828049759637 0.0
0.8000054671851595 -0.003287697846081897 0.0
0.8014801548254921 -0.0032305184118347416 0.0
0.8029552426652229 -0.0031737463993060733 0.0
0.8044307276953335 -0.003117383705567458 0.0
0.8059066069068064 -0.0030614322276904635 0.0
0.8073828772906229 -0.0030058938627466696 0.0
0.8088595358377653 -0.002950770507807642 0.0
0.8103365795392157 -0.002896064059944952 0.0
0.8118140053859557 -0.0028417764162301682 0.0
0.8132918103689677 -0.002787909473734856 0.0
0.8147699914792333 -0.0027344651295305973 0.0
0.8162485457077346 -0.0026814452806889575 0.0
0.8177274700454537 -0.0026288518242815065 0.0
0.8192067614833725 -0.002576686657379815 0.0
0.8206864170124729 -0.002524951677055446 0.0
0.8221664336237369 -0.0024736487803799843 0.0
0.8236468083081464 -0.0024227798644249924 0.0
0.8251275380566834 -0.002372346826262042 0.0
0.82660861986033 -0.002322351562962702 0.0
0.8280900507100681 -0.0022727959715985392 0.0
0.8295718275968798 -0.0022236819492411335 0.0
0.8310539475117467 -0.0021750113929620506 0.0
0.832536407445651 -0.002126786199832861 0.0
0.8340192043895748 -0.0020790082669251346 0.0
0.8355023353344999 -0.0020316794913104374 0.0
0.8369857972714083 -0.00198480177006035 0.0
0.8384695871912818 -0.0019383770002464368 0.0
0.8399537020851027 -0.0018924070789402695 0.0
0.8414381389438528 -0.0018468939032134173 0.0
0.8429228947585141 -0.0018018393701374476 0.0
0.8444079665200687 -0.0017572453767839375 0.0
0.8458933512194982 -0.0017131138202244557 0.0
0.8473790458477848 -0.001669446597530571 0.0
0.8488650473959105 -0.001626245605773854 0.0
0.8503513528548574 -0.0015835127420258711 0.0
0.8518379592156072 -0.0015412499033582014 0.0
0.8533248634691418 -0.0014994589868424105 0.0
0.8548120626064435 -0.00145814188955007 0.0
0.856299553618494 -0.001417300508552749 0.0
0.8577873334962757 -0.0013769367409220143 0.0
0.85927539923077 -0.0013370524837294443 0.0
0.8607637478129592 -0.0012976496340466066 0.0
0.8622523762338251 -0.0012587300889450703 0.0
0.8637412814843498 -0.0012202957454964065 0.0
0.8652304605555153 -0.0011823485007721806 0.0
0.8667199104383035 -0.0011448902518439723 0.0
0.8682096281236963 -0.0011079228957833478 0.0
0.8696996106026759 -0.0010714483296618768 0.0
0.8711898548662239 -0.0010354684505511306 0.0
0.8726803579053226 -0.000999985155522675 0.0
0.8741711167109538 -0.0009650003416480885 0.0
0.8756621282740997 -0.0009305159059989378 0.0
0.8771533895857417 -0.0008965337456467936 0.0
0.8786448976368624 -0.0008630557576632253 0.0
0.8801366494184438 -0.0008300838391198009 0.0
0.8816286419214673 -0.000797619887088097 0.0
0.8831208721369151 -0.0007656657986396816 0.0
0.8846133370557694 -0.0007342234708461241 0.0
0.886106033669012 -0.0007032948007789956 0.0
0.887598958967625 -0.0006728816855098624 0.0
0.88909210994259 -0.0006429860221103026 0.0
0.8905854835848893 -0.0006136097076518825 0.0
0.8920790768855049 -0.0005847546392061736 0.0
0.8935728868354187 -0.0005564227138447447 0.0
0.8950669104256124 -0.000528615828639165 0.0
0.8965611446470684 -0.0005013358806610092 0.0
0.8980555864907684 -0.0004745847669818461 0.0
0.8995502329476943 -0.00044836438467324555 0.0
0.9010450810088286 -0.0004226766308067754 0.0
0.9025401276651527 -0.0003975234024540113 0.0
0.9040353699076485 -0.0003729065966865215 0.0
0.9055308047272985 -0.0003488281105758757 0.0
0.9070264291150844 -0.00032528984119364483 0.0
0.9085222400619881 -0.0003022936856113967 0.0
0.9100182345589916 -0.0002798415409007068 0.0
0.9115144095970769 -0.000257935304133143 0.0
0.913010762167226 -0.00023657687238027545 0.0
0.9145072892604207 -0.00021576814271367546 0.0
0.9160039878676434 -0.0001955110122049102 0.0
0.9175008549798754 -0.00017580737792555524 0.0
0.9189978875880994 -0.00015665913694717833 0.0
0.9204950826832969 -0.00013806818634135026 0.0
0.9219924372564499 -0.0001200364231796415 0.0
0.9234899482985407 -0.00010256574453362028 0.0
0.9249876128005509 -8.565804747486074e-05 0.0
0.9264854277534625 -6.931522907493186e-05 0.0
0.9279833901482578 -5.353918640540383e-05 0.0
0.9294814969759182 -3.833181653784725e-05 0.0
0.9309797452274264 -2.3695016543830714e-05 0.0
0.9324781318937637 -9.630683494928047e-06 0.0
0.9339766539659125 3.859285537292197e-06 0.0
0.9354753084348545 1.677299348125927e-05 0.0
0.9369740922915719 2.9108543265402895e-05 0.0
0.9384730025270466 4.086403781815373e-05 0.0
0.9399720361322604 5.203758006793916e-05 0.0
0.9414711900981955 6.262727294318976e-05 0.0
0.9429704614158336 7.263121937233504e-05 0.0
0.944469847076157 8.204752228380463e-05 0.0
0.9459693440701477 9.087428460602927e-05 0.0
0.9474689493887871 9.910960926743631e-05 0.0
0.9489686600230578 0.00010675159919645638 0.0
0.9504684729639413 0.00011379835732151908 0.0
0.9519683852024199 0.00012024798657105403 0.0
0.9534683937294757 0.0001260985898734912 0.0
0.9549684955360902 0.00013134827015725918 0.0
0.9564686876132457 0.00013599513035078803 0.0
0.9579689669519238 0.00014003727338250725 0.0
0.9594693305431069 0.00014347280218084647 0.0
0.960969775377777 0.00014629981967423567 0.0
0.9624702984469157 0.00014851642879110355 0.0
0.9639708967415052 0.00015012073245988027 0.0
0.9654715672525274 0.00015111083360899524 0.0
0.9669723069709641 0.00015148483516687794 0.0
0.9684731128877979 0.00015124084006195814 0.0
0.96997398199401 0.0001503769512226653 0.0
0.9714749112805827 0.00014889127157742898 0.0
0.9729758977384981 0.00014678190405467876 0.0
0.974476938358738 0.00014404695158284426 0.0
0.9759780301322846 0.00014068451709035453 0.0
0.9774791700501194 0.00013669270350564003 0.0
0.9789803551032247 0.00013206961375712988 0.0
0.9804815822825825 0.00012681335077325366 0.0
0.9819828485791746 0.00012092201748244096 0.0
0.9834841509839832 0.0001143937168131206 0.0
0.98498548648799 0.00010722655169372355 0.0
0.9864868520821772 9.941862505267873e-05 0.0
0.9879882447575264 9.096803981841566e-05 0.0
0.9894896615050203 8.187289891936289e-05 0.0
0.99099109931564 7.213130528395203e-05 0.0
0.9924925551803682 6.174136184061164e-05 0.0
0.9939940260901863 5.070117151777127e-05 0.0
0.9954955090360765 3.900883724386051e-05 0.0
0.9969970010090211 2.6662461947307524e-05 0.0
0.9984984990000015 1.3660148556544609e-05 0.0
1.0 0.0 0.0
