(title "Pressure Coefficient")
(labels "Position" "Pressure Coefficient")

((xy/key/label "wall")
0.0650908	-0.934445
0.0619202	-0.929377
0.0589622	-0.923812
0.0562026	-0.917802
0.0536284	-0.911409
0.0512273	-0.904685
0.0489879	-0.89766
0.0468993	-0.890279
0.0449517	-0.88257
0.0431354	-0.874592
0.0414418	-0.866423
0.0398627	-0.858194
0.0383904	-0.850034
0.0370177	-0.841862
0.0356483	-0.833022
0.0342828	-0.823482
0.0329212	-0.813144
0.0315639	-0.801786
0.0302114	-0.789401
0.028864	-0.775777
0.0275223	-0.760913
0.0261867	-0.744982
0.0248579	-0.727454
0.0235366	-0.708162
0.0222235	-0.687082
0.0209196	-0.664
0.0196258	-0.638654
0.0183434	-0.61061
0.0170737	-0.579617
0.0158182	-0.545419
0.0145789	-0.507467
0.0133578	-0.465227
0.0121575	-0.41826
0.0109807	-0.365756
0.00983109	-0.30698
0.00871253	-0.24139
0.00762968	-0.168051
0.00658806	-0.0860566
0.00559396	0.00449106
0.00465442	0.103517
0.00377769	0.211304
0.00297255	0.326834
0.00224819	0.447589
0.00161332	0.570217
0.00107649	0.690921
0.000644958	0.804606
0.000322309	0.906622
0.00011132	0.992484
1.04197e-05	1.06068
1.61763e-05	1.1075
0.00012787	1.13489
0.000346566	1.14668
0.0006711	1.13879
0.00109777	1.11682
0.00162111	1.08156
0.00223411	1.03458
0.00292904	0.981796
0.00369801	0.924373
0.00453271	0.865316
0.00542585	0.806065
0.0063707	0.748036
0.00736099	0.692041
0.00839129	0.638527
0.00945695	0.587827
0.0105538	0.540082
0.0116783	0.495284
0.0128272	0.453274
0.0139979	0.413869
0.015188	0.376985
0.0163957	0.342597
0.017619	0.310343
0.0188564	0.280045
0.0201066	0.251701
0.0213683	0.225017
0.691443	0.164246
0.679036	0.143171
0.66663	0.121698
0.654224	0.0997908
0.641817	0.0774151
0.629408	0.0547407
0.616996	0.0317412
0.60458	0.00844882
0.59216	-0.0149816
0.579734	-0.0385246
0.567302	-0.0621381
0.554864	-0.0857691
0.542419	-0.109365
0.529967	-0.132874
0.517508	-0.156241
0.505041	-0.17941
0.492566	-0.202327
0.480083	-0.224933
0.467593	-0.247168
0.455094	-0.268968
0.442589	-0.290273
0.430076	-0.311012
0.417556	-0.331113
0.405029	-0.350496
0.392495	-0.369078
0.379956	-0.386763
0.367411	-0.40345
0.354862	-0.41903
0.342307	-0.433384
0.329749	-0.446389
0.317188	-0.457916
0.304624	-0.467819
0.292059	-0.475939
0.279493	-0.482066
0.266926	-0.486137
0.25436	-0.487993
0.241796	-0.48759
0.229235	-0.485095
0.216677	-0.480382
0.204125	-0.473361
0.191611	-0.46418
0.179924	-0.453629
0.169009	-0.441938
0.158817	-0.429376
0.1493	-0.416142
0.140415	-0.402378
0.13212	-0.388199
0.124378	-0.373678
0.117151	-0.358877
0.110406	-0.343843
0.104111	-0.328626
0.098238	-0.313239
0.092758	-0.297691
0.0876455	-0.282042
0.0828763	-0.266288
0.0784279	-0.250429
0.0742789	-0.234501
0.0704098	-0.218509
0.0668019	-0.202492
0.0634379	-0.186465
0.0603017	-0.170429
0.057378	-0.154416
0.0546528	-0.138461
0.0521127	-0.122585
0.0497454	-0.106792
0.0475393	-0.0911326
0.0454835	-0.0756327
0.0435679	-0.0603139
0.0417831	-0.0451937
0.0401201	-0.0303297
0.0385707	-0.0156888
0.0371273	-0.00133729
0.0357825	0.0127194
0.0344421	0.0274526
0.0331064	0.0428186
0.0317757	0.0590445
0.0304506	0.0760875
0.0291312	0.0939798
0.0278182	0.11286
0.0265119	0.13279
0.0252132	0.153936
0.0239225	0.176262
0.0226406	0.19989
0.0213683	0.225017
0.805341	-0.205409
0.792949	-0.228794
0.780552	-0.252041
0.768149	-0.275087
0.755739	-0.297902
0.743322	-0.320526
0.7309	-0.343025
0.718471	-0.365393
0.706036	-0.38749
0.693594	-0.409103
0.681146	-0.430107
0.668693	-0.450604
0.656234	-0.470862
0.643769	-0.4911
0.631299	-0.511249
0.618824	-0.530926
0.606344	-0.549698
0.59386	-0.567469
0.581371	-0.584653
0.568879	-0.60192
0.556383	-0.619653
0.543883	-0.637472
0.531381	-0.654265
0.518876	-0.668745
0.506369	-0.680183
0.493859	-0.688883
0.481348	-0.696132
0.468835	-0.703726
0.45632	-0.713389
0.443805	-0.72623
0.431289	-0.74227
0.418772	-0.760357
0.406255	-0.778615
0.393739	-0.795233
0.381222	-0.809162
0.368705	-0.820308
0.35619	-0.829265
0.343675	-0.836878
0.331161	-0.843867
0.318648	-0.850664
0.306137	-0.857452
0.293627	-0.864224
0.28112	-0.870903
0.268614	-0.877426
0.256111	-0.883789
0.243611	-0.890064
0.231113	-0.896372
0.21862	-0.902826
0.20613	-0.909514
0.193627	-0.916359
0.181946	-0.922783
0.171035	-0.92877
0.160842	-0.934238
0.151321	-0.939109
0.142429	-0.943329
0.134123	-0.946882
0.126366	-0.949783
0.119121	-0.952042
0.112356	-0.953661
0.106039	-0.954617
0.100141	-0.954879
0.0946342	-0.954477
0.0894931	-0.953435
0.0846939	-0.951772
0.0802141	-0.949478
0.0760328	-0.94656
0.0721305	-0.943071
0.0684889	-0.939023
0.0650908	-0.934445
1	0.202253
0.997034	0.252246
0.993858	0.266954
0.990455	0.286716
0.986811	0.302209
0.982908	0.316836
0.978727	0.329332
0.974249	0.340741
0.969454	0.350792
0.964318	0.359801
0.958818	0.367673
0.952928	0.374504
0.946622	0.380243
0.939872	0.384901
0.932645	0.388407
0.924911	0.39077
0.916634	0.391957
0.907778	0.391772
0.898303	0.390181
0.888169	0.387173
0.877332	0.382588
0.865744	0.376276
0.853356	0.368086
0.840835	0.358464
0.828327	0.347578
0.815833	0.335509
0.803351	0.322344
0.790881	0.308151
0.778422	0.292991
0.765974	0.276911
0.753535	0.25997
0.741105	0.242237
0.728682	0.223738
0.716265	0.204547
0.703852	0.184731
0.691443	0.164246
1	0.202253
0.997036	0.153512
0.993865	0.148719
0.990473	0.142371
0.986843	0.135738
0.98296	0.128326
0.978805	0.120588
0.97436	0.112246
0.969604	0.103411
0.964515	0.0939523
0.959071	0.0838704
0.953246	0.0730796
0.947014	0.0615396
0.940346	0.0491772
0.933211	0.0359323
0.925576	0.0217329
0.917407	0.00650466
0.908666	-0.00983702
0.899312	-0.0273712
0.889302	-0.0462062
0.878589	-0.0663953
0.867123	-0.0881459
0.854851	-0.111551
0.842481	-0.13504
0.830106	-0.15851
0.817726	-0.181975
0.805341	-0.205409
)
