(title "Pressure Coefficient")
(labels "Position" "Pressure Coefficient")

((xy/key/label "wall")
0.0671699	-0.913726
0.0640053	-0.910311
0.061052	-0.906593
0.0582962	-0.902591
0.0557247	-0.898315
0.0533253	-0.893843
0.0510867	-0.889205
0.0489981	-0.884364
0.0470496	-0.879273
0.0452318	-0.873962
0.043536	-0.868555
0.041954	-0.863101
0.0404782	-0.857712
0.0391016	-0.85237
0.0377276	-0.84672
0.0363565	-0.840681
0.0349884	-0.834072
0.0336237	-0.826736
0.0322626	-0.818594
0.0309053	-0.809851
0.0295522	-0.800212
0.0282038	-0.789565
0.0268603	-0.778057
0.0255224	-0.765468
0.0241904	-0.751775
0.0228651	-0.736684
0.0215472	-0.719958
0.0202374	-0.701568
0.0189368	-0.681087
0.0176463	-0.658145
0.0163674	-0.632653
0.0151015	-0.604325
0.0138502	-0.57252
0.0126159	-0.536428
0.011401	-0.495477
0.0102085	-0.448927
0.00904219	-0.395648
0.00790649	-0.334647
0.0068068	-0.264318
0.00574998	-0.182646
0.00474413	-0.0885652
0.003799	0.0185683
0.00292653	0.139502
0.00214022	0.274155
0.00145544	0.419861
0.000887713	0.571208
0.000452021	0.72009
0.000159385	0.856832
1.58936e-05	0.971226
2.09882e-05	1.05894
0.000171587	1.11445
0.000461747	1.14033
0.000881549	1.14448
0.00141811	1.12571
0.00205764	1.0936
0.00278673	1.05234
0.00359263	1.00352
0.00446458	0.953069
0.00539315	0.901661
0.00637027	0.851217
0.00738921	0.802363
0.00844441	0.755576
0.00953112	0.711073
0.0106454	0.668915
0.0117839	0.629049
0.0129439	0.591438
0.014123	0.556003
0.0153191	0.52257
0.0165303	0.490909
0.0177554	0.460945
0.0189928	0.432601
0.0202416	0.405735
0.0215006	0.380237
0.022769	0.35598
0.691441	0.0954437
0.679026	0.0786535
0.666611	0.0615507
0.654197	0.0441043
0.641781	0.0263261
0.629365	0.008299
0.616946	-0.00999745
0.604525	-0.0284972
0.592101	-0.0472184
0.579674	-0.0661642
0.567243	-0.0852096
0.554808	-0.104341
0.542369	-0.123542
0.529924	-0.142781
0.517475	-0.162023
0.505021	-0.181233
0.492561	-0.200376
0.480095	-0.219409
0.467624	-0.238289
0.455148	-0.256965
0.442666	-0.275391
0.430178	-0.293506
0.417685	-0.311246
0.405187	-0.328541
0.392684	-0.345307
0.380175	-0.361456
0.367663	-0.37688
0.355146	-0.391461
0.342625	-0.405074
0.330101	-0.417572
0.317575	-0.428799
0.305046	-0.438585
0.292516	-0.446721
0.279985	-0.452882
0.267454	-0.456921
0.254924	-0.458582
0.242396	-0.457794
0.229872	-0.454657
0.217352	-0.448825
0.204838	-0.440065
0.192355	-0.428468
0.180697	-0.414999
0.169812	-0.399939
0.159648	-0.383615
0.15016	-0.366286
0.141304	-0.348166
0.133037	-0.32943
0.125323	-0.310212
0.118123	-0.290636
0.111406	-0.270812
0.105138	-0.250793
0.099291	-0.230654
0.0938366	-0.210477
0.0887491	-0.190298
0.0840041	-0.170163
0.0795789	-0.150101
0.0754525	-0.130157
0.0716048	-0.110376
0.0680173	-0.0907806
0.0646727	-0.0714028
0.0615547	-0.0522576
0.0586482	-0.0333793
0.055939	-0.014797
0.0534138	0.00346237
0.0510602	0.0213793
0.0488667	0.0389294
0.0468224	0.0561276
0.0449173	0.0729291
0.0431419	0.089307
0.0414873	0.105219
0.0399454	0.120738
0.0385086	0.135762
0.0371695	0.150354
0.0358345	0.165544
0.0345035	0.181218
0.0331771	0.197517
0.0318554	0.214448
0.0305388	0.23213
0.0292276	0.250563
0.0279223	0.26978
0.0266232	0.289879
0.0253309	0.310843
0.024046	0.332861
0.022769	0.35598
0.80615	-0.240539
0.793776	-0.265621
0.781393	-0.289981
0.769003	-0.313626
0.756604	-0.336637
0.744198	-0.35914
0.731784	-0.381201
0.719364	-0.402729
0.706936	-0.423499
0.694503	-0.443305
0.682064	-0.462174
0.669618	-0.480425
0.657168	-0.498536
0.644712	-0.516867
0.632252	-0.5354
0.619788	-0.553718
0.607319	-0.571229
0.594847	-0.587397
0.582372	-0.601867
0.569893	-0.614391
0.557412	-0.624698
0.544928	-0.632559
0.532443	-0.638002
0.519955	-0.641579
0.507465	-0.644682
0.494975	-0.649644
0.482483	-0.659544
0.46999	-0.677369
0.457496	-0.704232
0.445002	-0.737887
0.432508	-0.772793
0.420014	-0.802579
0.40752	-0.82353
0.395026	-0.835842
0.382533	-0.842202
0.370041	-0.845719
0.357549	-0.848637
0.345059	-0.852028
0.33257	-0.856142
0.320083	-0.860766
0.307598	-0.865521
0.295115	-0.870093
0.282633	-0.874331
0.270155	-0.878258
0.257679	-0.882005
0.245207	-0.885734
0.232738	-0.889599
0.220273	-0.893705
0.207813	-0.898101
0.195343	-0.902691
0.183695	-0.90702
0.172814	-0.911041
0.16265	-0.91469
0.153157	-0.917902
0.14429	-0.920646
0.136009	-0.922939
0.128275	-0.924801
0.121052	-0.92622
0.114308	-0.927203
0.108009	-0.927724
0.102129	-0.927797
0.0966377	-0.927467
0.0915112	-0.926718
0.0867253	-0.925536
0.0822576	-0.923944
0.0780871	-0.921955
0.0741943	-0.919564
0.070561	-0.916813
0.0671699	-0.913726
1	0.232886
0.997002	0.256407
0.993793	0.261222
0.99036	0.267285
0.986686	0.272429
0.982754	0.27728
0.978547	0.281596
0.974045	0.285536
0.969228	0.289008
0.964073	0.292039
0.958558	0.294571
0.952657	0.296584
0.946343	0.298023
0.939589	0.298885
0.932362	0.299063
0.924632	0.298447
0.916362	0.297067
0.907517	0.294824
0.898056	0.291603
0.887937	0.287319
0.877116	0.28187
0.865543	0.27512
0.853167	0.266941
0.84069	0.25781
0.828221	0.247827
0.815759	0.237046
0.803304	0.225533
0.790856	0.21333
0.778414	0.200483
0.765977	0.187034
0.753546	0.173017
0.741118	0.158475
0.728695	0.14347
0.716275	0.127943
0.703857	0.111889
0.691441	0.0954437
1	0.232886
0.997066	0.210295
0.993926	0.204205
0.990565	0.196624
0.986968	0.189153
0.983119	0.179547
0.978999	0.1702
0.97459	0.159113
0.969871	0.147694
0.964819	0.134937
0.959413	0.121375
0.953626	0.106612
0.947431	0.0908027
0.9408	0.073795
0.933701	0.0556235
0.926102	0.0362342
0.917967	0.0156279
0.909257	-0.00622554
0.899933	-0.0293162
0.889949	-0.0536722
0.879259	-0.0792265
0.867813	-0.106098
0.855556	-0.134287
0.843219	-0.161826
0.830872	-0.188694
0.818515	-0.214906
0.80615	-0.240539
)
