500 2
0.000000000 0.000000000 0.000000000
0.002004008 0.007770323 0.000000000
0.004008016 0.010631186 0.000000000
0.006012024 0.013291715 0.000000000
0.008016032 0.015169038 0.000000000
0.010020040 0.016872114 0.000000000
0.012024048 0.018486116 0.000000000
0.014028056 0.019953373 0.000000000
0.016032064 0.021289485 0.000000000
0.018036072 0.022537795 0.000000000
0.020040080 0.023725325 0.000000000
0.022044088 0.024857005 0.000000000
0.024048096 0.025936286 0.000000000
0.026052104 0.026967951 0.000000000
0.028056112 0.027957857 0.000000000
0.030060120 0.028911822 0.000000000
0.032064128 0.029834014 0.000000000
0.034068136 0.030726843 0.000000000
0.036072144 0.031592637 0.000000000
0.038076152 0.032433578 0.000000000
0.040080160 0.033251410 0.000000000
0.042084168 0.034047795 0.000000000
0.044088176 0.034824385 0.000000000
0.046092184 0.035582531 0.000000000
0.048096192 0.036323248 0.000000000
0.050100200 0.037047532 0.000000000
0.052104208 0.037756369 0.000000000
0.054108216 0.038450577 0.000000000
0.056112224 0.039130836 0.000000000
0.058116232 0.039797826 0.000000000
0.060120240 0.040452220 0.000000000
0.062124248 0.041094586 0.000000000
0.064128257 0.041725390 0.000000000
0.066132265 0.042345094 0.000000000
0.068136273 0.042954161 0.000000000
0.070140281 0.043553008 0.000000000
0.072144289 0.044141974 0.000000000
0.074148297 0.044721385 0.000000000
0.076152305 0.045291568 0.000000000
0.078156313 0.045852843 0.000000000
0.080160321 0.046405470 0.000000000
0.082164329 0.046949686 0.000000000
0.084168337 0.047485726 0.000000000
0.086172345 0.048013826 0.000000000
0.088176353 0.048534204 0.000000000
0.090180361 0.049047038 0.000000000
0.092184369 0.049552502 0.000000000
0.094188377 0.050050770 0.000000000
0.096192385 0.050542013 0.000000000
0.098196393 0.051026384 0.000000000
0.100200401 0.051504015 0.000000000
0.102204409 0.051975033 0.000000000
0.104208417 0.052439570 0.000000000
0.106212425 0.052897753 0.000000000
0.108216433 0.053349694 0.000000000
0.110220441 0.053795491 0.000000000
0.112224449 0.054235243 0.000000000
0.114228457 0.054669047 0.000000000
0.116232465 0.055097001 0.000000000
0.118236473 0.055519189 0.000000000
0.120240481 0.055935687 0.000000000
0.122244489 0.056346570 0.000000000
0.124248497 0.056751913 0.000000000
0.126252505 0.057151793 0.000000000
0.128256513 0.057546274 0.000000000
0.130260521 0.057935415 0.000000000
0.132264529 0.058319276 0.000000000
0.134268537 0.058697915 0.000000000
0.136272545 0.059071390 0.000000000
0.138276553 0.059439755 0.000000000
0.140280561 0.059803057 0.000000000
0.142284569 0.060161342 0.000000000
0.144288577 0.060514655 0.000000000
0.146292585 0.060863044 0.000000000
0.148296593 0.061206552 0.000000000
0.150300601 0.061545218 0.000000000
0.152304609 0.061879078 0.000000000
0.154308617 0.062208170 0.000000000
0.156312625 0.062532530 0.000000000
0.158316633 0.062852196 0.000000000
0.160320641 0.063167199 0.000000000
0.162324649 0.063477569 0.000000000
0.164328657 0.063783338 0.000000000
0.166332665 0.064084535 0.000000000
0.168336673 0.064381190 0.000000000
0.170340681 0.064673332 0.000000000
0.172344689 0.064960987 0.000000000
0.174348697 0.065244179 0.000000000
0.176352705 0.065522934 0.000000000
0.178356713 0.065797278 0.000000000
0.180360721 0.066067235 0.000000000
0.182364729 0.066332828 0.000000000
0.184368737 0.066594079 0.000000000
0.186372745 0.066851010 0.000000000
0.188376754 0.067103643 0.000000000
0.190380762 0.067351999 0.000000000
0.192384770 0.067596099 0.000000000
0.194388778 0.067835963 0.000000000
0.196392786 0.068071611 0.000000000
0.198396794 0.068303062 0.000000000
0.200400802 0.068530335 0.000000000
0.202404810 0.068753450 0.000000000
0.204408818 0.068972425 0.000000000
0.206412826 0.069187278 0.000000000
0.208416834 0.069398027 0.000000000
0.210420842 0.069604691 0.000000000
0.212424850 0.069807286 0.000000000
0.214428858 0.070005832 0.000000000
0.216432866 0.070200344 0.000000000
0.218436874 0.070390841 0.000000000
0.220440882 0.070577339 0.000000000
0.222444890 0.070759856 0.000000000
0.224448898 0.070938409 0.000000000
0.226452906 0.071113014 0.000000000
0.228456914 0.071283689 0.000000000
0.230460922 0.071450451 0.000000000
0.232464930 0.071613316 0.000000000
0.234468938 0.071772302 0.000000000
0.236472946 0.071927425 0.000000000
0.238476954 0.072078702 0.000000000
0.240480962 0.072226152 0.000000000
0.242484970 0.072369789 0.000000000
0.244488978 0.072509633 0.000000000
0.246492986 0.072645699 0.000000000
0.248496994 0.072778005 0.000000000
0.250501002 0.072906569 0.000000000
0.252505010 0.073031408 0.000000000
0.254509018 0.073152540 0.000000000
0.256513026 0.073269982 0.000000000
0.258517034 0.073383752 0.000000000
0.260521042 0.073493869 0.000000000
0.262525050 0.073600349 0.000000000
0.264529058 0.073703212 0.000000000
0.266533066 0.073802477 0.000000000
0.268537074 0.073898160 0.000000000
0.270541082 0.073990282 0.000000000
0.272545090 0.074078860 0.000000000
0.274549098 0.074163914 0.000000000
0.276553106 0.074245464 0.000000000
0.278557114 0.074323529 0.000000000
0.280561122 0.074398128 0.000000000
0.282565130 0.074469281 0.000000000
0.284569138 0.074537007 0.000000000
0.286573146 0.074601328 0.000000000
0.288577154 0.074662263 0.000000000
0.290581162 0.074719833 0.000000000
0.292585170 0.074774059 0.000000000
0.294589178 0.074824961 0.000000000
0.296593186 0.074872561 0.000000000
0.298597194 0.074916879 0.000000000
0.300601202 0.074957939 0.000000000
0.302605210 0.074995761 0.000000000
0.304609218 0.075030366 0.000000000
0.306613226 0.075061778 0.000000000
0.308617234 0.075090018 0.000000000
0.310621242 0.075115110 0.000000000
0.312625251 0.075137075 0.000000000
0.314629259 0.075155938 0.000000000
0.316633267 0.075171720 0.000000000
0.318637275 0.075184445 0.000000000
0.320641283 0.075194137 0.000000000
0.322645291 0.075200819 0.000000000
0.324649299 0.075204516 0.000000000
0.326653307 0.075205252 0.000000000
0.328657315 0.075203050 0.000000000
0.330661323 0.075197936 0.000000000
0.332665331 0.075189934 0.000000000
0.334669339 0.075179068 0.000000000
0.336673347 0.075165365 0.000000000
0.338677355 0.075148849 0.000000000
0.340681363 0.075129545 0.000000000
0.342685371 0.075107479 0.000000000
0.344689379 0.075082678 0.000000000
0.346693387 0.075055166 0.000000000
0.348697395 0.075024970 0.000000000
0.350701403 0.074992116 0.000000000
0.352705411 0.074956631 0.000000000
0.354709419 0.074918540 0.000000000
0.356713427 0.074877871 0.000000000
0.358717435 0.074834650 0.000000000
0.360721443 0.074788905 0.000000000
0.362725451 0.074740663 0.000000000
0.364729459 0.074689949 0.000000000
0.366733467 0.074636793 0.000000000
0.368737475 0.074581221 0.000000000
0.370741483 0.074523261 0.000000000
0.372745491 0.074462941 0.000000000
0.374749499 0.074400288 0.000000000
0.376753507 0.074335330 0.000000000
0.378757515 0.074268095 0.000000000
0.380761523 0.074198611 0.000000000
0.382765531 0.074126906 0.000000000
0.384769539 0.074053009 0.000000000
0.386773547 0.073976947 0.000000000
0.388777555 0.073898749 0.000000000
0.390781563 0.073818442 0.000000000
0.392785571 0.073736057 0.000000000
0.394789579 0.073651620 0.000000000
0.396793587 0.073565160 0.000000000
0.398797595 0.073476706 0.000000000
0.400801603 0.073386286 0.000000000
0.402805611 0.073293929 0.000000000
0.404809619 0.073199662 0.000000000
0.406813627 0.073103516 0.000000000
0.408817635 0.073005517 0.000000000
0.410821643 0.072905695 0.000000000
0.412825651 0.072804078 0.000000000
0.414829659 0.072700694 0.000000000
0.416833667 0.072595572 0.000000000
0.418837675 0.072488739 0.000000000
0.420841683 0.072380225 0.000000000
0.422845691 0.072270058 0.000000000
0.424849699 0.072158264 0.000000000
0.426853707 0.072044874 0.000000000
0.428857715 0.071929913 0.000000000
0.430861723 0.071813411 0.000000000
0.432865731 0.071695395 0.000000000
0.434869739 0.071575892 0.000000000
0.436873747 0.071454932 0.000000000
0.438877756 0.071332539 0.000000000
0.440881764 0.071208742 0.000000000
0.442885772 0.071083568 0.000000000
0.444889780 0.070957045 0.000000000
0.446893788 0.070829198 0.000000000
0.448897796 0.070700055 0.000000000
0.450901804 0.070569642 0.000000000
0.452905812 0.070437985 0.000000000
0.454909820 0.070305110 0.000000000
0.456913828 0.070171043 0.000000000
0.458917836 0.070035811 0.000000000
0.460921844 0.069899439 0.000000000
0.462925852 0.069761952 0.000000000
0.464929860 0.069623374 0.000000000
0.466933868 0.069483730 0.000000000
0.468937876 0.069343047 0.000000000
0.470941884 0.069201348 0.000000000
0.472945892 0.069058656 0.000000000
0.474949900 0.068914996 0.000000000
0.476953908 0.068770391 0.000000000
0.478957916 0.068624865 0.000000000
0.480961924 0.068478440 0.000000000
0.482965932 0.068331140 0.000000000
0.484969940 0.068182986 0.000000000
0.486973948 0.068034001 0.000000000
0.488977956 0.067884206 0.000000000
0.490981964 0.067733623 0.000000000
0.492985972 0.067582274 0.000000000
0.494989980 0.067430179 0.000000000
0.496993988 0.067277358 0.000000000
0.498997996 0.067123831 0.000000000
0.501002004 0.066969617 0.000000000
0.503006012 0.066814737 0.000000000
0.505010020 0.066659211 0.000000000
0.507014028 0.066503055 0.000000000
0.509018036 0.066346289 0.000000000
0.511022044 0.066188930 0.000000000
0.513026052 0.066030994 0.000000000
0.515030060 0.065872501 0.000000000
0.517034068 0.065713466 0.000000000
0.519038076 0.065553907 0.000000000
0.521042084 0.065393837 0.000000000
0.523046092 0.065233272 0.000000000
0.525050100 0.065072228 0.000000000
0.527054108 0.064910719 0.000000000
0.529058116 0.064748759 0.000000000
0.531062124 0.064586363 0.000000000
0.533066132 0.064423543 0.000000000
0.535070140 0.064260310 0.000000000
0.537074148 0.064096678 0.000000000
0.539078156 0.063932658 0.000000000
0.541082164 0.063768264 0.000000000
0.543086172 0.063603504 0.000000000
0.545090180 0.063438389 0.000000000
0.547094188 0.063272928 0.000000000
0.549098196 0.063107131 0.000000000
0.551102204 0.062941008 0.000000000
0.553106212 0.062774567 0.000000000
0.555110220 0.062607815 0.000000000
0.557114228 0.062440760 0.000000000
0.559118236 0.062273408 0.000000000
0.561122244 0.062105765 0.000000000
0.563126253 0.061937838 0.000000000
0.565130261 0.061769633 0.000000000
0.567134269 0.061601155 0.000000000
0.569138277 0.061432406 0.000000000
0.571142285 0.061263390 0.000000000
0.573146293 0.061094111 0.000000000
0.575150301 0.060924573 0.000000000
0.577154309 0.060754777 0.000000000
0.579158317 0.060584726 0.000000000
0.581162325 0.060414419 0.000000000
0.583166333 0.060243856 0.000000000
0.585170341 0.060073039 0.000000000
0.587174349 0.059901968 0.000000000
0.589178357 0.059730642 0.000000000
0.591182365 0.059559058 0.000000000
0.593186373 0.059387214 0.000000000
0.595190381 0.059215108 0.000000000
0.597194389 0.059042737 0.000000000
0.599198397 0.058870097 0.000000000
0.601202405 0.058697186 0.000000000
0.603206413 0.058523997 0.000000000
0.605210421 0.058350524 0.000000000
0.607214429 0.058176762 0.000000000
0.609218437 0.058002706 0.000000000
0.611222445 0.057828349 0.000000000
0.613226453 0.057653684 0.000000000
0.615230461 0.057478701 0.000000000
0.617234469 0.057303394 0.000000000
0.619238477 0.057127752 0.000000000
0.621242485 0.056951767 0.000000000
0.623246493 0.056775430 0.000000000
0.625250501 0.056598730 0.000000000
0.627254509 0.056421656 0.000000000
0.629258517 0.056244196 0.000000000
0.631262525 0.056066339 0.000000000
0.633266533 0.055888072 0.000000000
0.635270541 0.055709384 0.000000000
0.637274549 0.055530261 0.000000000
0.639278557 0.055350689 0.000000000
0.641282565 0.055170653 0.000000000
0.643286573 0.054990139 0.000000000
0.645290581 0.054809133 0.000000000
0.647294589 0.054627619 0.000000000
0.649298597 0.054445581 0.000000000
0.651302605 0.054263003 0.000000000
0.653306613 0.054079867 0.000000000
0.655310621 0.053896156 0.000000000
0.657314629 0.053711854 0.000000000
0.659318637 0.053526943 0.000000000
0.661322645 0.053341404 0.000000000
0.663326653 0.053155219 0.000000000
0.665330661 0.052968367 0.000000000
0.667334669 0.052780829 0.000000000
0.669338677 0.052592587 0.000000000
0.671342685 0.052403620 0.000000000
0.673346693 0.052213908 0.000000000
0.675350701 0.052023430 0.000000000
0.677354709 0.051832164 0.000000000
0.679358717 0.051640089 0.000000000
0.681362725 0.051447184 0.000000000
0.683366733 0.051253428 0.000000000
0.685370741 0.051058797 0.000000000
0.687374749 0.050863270 0.000000000
0.689378758 0.050666823 0.000000000
0.691382766 0.050469433 0.000000000
0.693386774 0.050271078 0.000000000
0.695390782 0.050071735 0.000000000
0.697394790 0.049871380 0.000000000
0.699398798 0.049669989 0.000000000
0.701402806 0.049467539 0.000000000
0.703406814 0.049264004 0.000000000
0.705410822 0.049059362 0.000000000
0.707414830 0.048853589 0.000000000
0.709418838 0.048646659 0.000000000
0.711422846 0.048438549 0.000000000
0.713426854 0.048229234 0.000000000
0.715430862 0.048018689 0.000000000
0.717434870 0.047806890 0.000000000
0.719438878 0.047593812 0.000000000
0.721442886 0.047379431 0.000000000
0.723446894 0.047163722 0.000000000
0.725450902 0.046946660 0.000000000
0.727454910 0.046728222 0.000000000
0.729458918 0.046508381 0.000000000
0.731462926 0.046287115 0.000000000
0.733466934 0.046064398 0.000000000
0.735470942 0.045840208 0.000000000
0.737474950 0.045614518 0.000000000
0.739478958 0.045387306 0.000000000
0.741482966 0.045158548 0.000000000
0.743486974 0.044928219 0.000000000
0.745490982 0.044696297 0.000000000
0.747494990 0.044462759 0.000000000
0.749498998 0.044227582 0.000000000
0.751503006 0.043990742 0.000000000
0.753507014 0.043752217 0.000000000
0.755511022 0.043511986 0.000000000
0.757515030 0.043270026 0.000000000
0.759519038 0.043026317 0.000000000
0.761523046 0.042780837 0.000000000
0.763527054 0.042533566 0.000000000
0.765531062 0.042284481 0.000000000
0.767535070 0.042033564 0.000000000
0.769539078 0.041780796 0.000000000
0.771543086 0.041526158 0.000000000
0.773547094 0.041269632 0.000000000
0.775551102 0.041011198 0.000000000
0.777555110 0.040750838 0.000000000
0.779559118 0.040488536 0.000000000
0.781563126 0.040224278 0.000000000
0.783567134 0.039958046 0.000000000
0.785571142 0.039689825 0.000000000
0.787575150 0.039419600 0.000000000
0.789579158 0.039147357 0.000000000
0.791583166 0.038873082 0.000000000
0.793587174 0.038596765 0.000000000
0.795591182 0.038318394 0.000000000
0.797595190 0.038037957 0.000000000
0.799599198 0.037755442 0.000000000
0.801603206 0.037470839 0.000000000
0.803607214 0.037184141 0.000000000
0.805611222 0.036895342 0.000000000
0.807615230 0.036604433 0.000000000
0.809619238 0.036311408 0.000000000
0.811623246 0.036016261 0.000000000
0.813627255 0.035718986 0.000000000
0.815631263 0.035419582 0.000000000
0.817635271 0.035118047 0.000000000
0.819639279 0.034814380 0.000000000
0.821643287 0.034508579 0.000000000
0.823647295 0.034200643 0.000000000
0.825651303 0.033890574 0.000000000
0.827655311 0.033578376 0.000000000
0.829659319 0.033264054 0.000000000
0.831663327 0.032947612 0.000000000
0.833667335 0.032629056 0.000000000
0.835671343 0.032308390 0.000000000
0.837675351 0.031985624 0.000000000
0.839679359 0.031660768 0.000000000
0.841683367 0.031333835 0.000000000
0.843687375 0.031004837 0.000000000
0.845691383 0.030673784 0.000000000
0.847695391 0.030340691 0.000000000
0.849699399 0.030005572 0.000000000
0.851703407 0.029668448 0.000000000
0.853707415 0.029329338 0.000000000
0.855711423 0.028988261 0.000000000
0.857715431 0.028645238 0.000000000
0.859719439 0.028300288 0.000000000
0.861723447 0.027953437 0.000000000
0.863727455 0.027604713 0.000000000
0.865731463 0.027254143 0.000000000
0.867735471 0.026901756 0.000000000
0.869739479 0.026547579 0.000000000
0.871743487 0.026191642 0.000000000
0.873747495 0.025833979 0.000000000
0.875751503 0.025474627 0.000000000
0.877755511 0.025113624 0.000000000
0.879759519 0.024751005 0.000000000
0.881763527 0.024386809 0.000000000
0.883767535 0.024021073 0.000000000
0.885771543 0.023653842 0.000000000
0.887775551 0.023285163 0.000000000
0.889779559 0.022915083 0.000000000
0.891783567 0.022543647 0.000000000
0.893787575 0.022170903 0.000000000
0.895791583 0.021796899 0.000000000
0.897795591 0.021421690 0.000000000
0.899799599 0.021045333 0.000000000
0.901803607 0.020667884 0.000000000
0.903807615 0.020289399 0.000000000
0.905811623 0.019909936 0.000000000
0.907815631 0.019529553 0.000000000
0.909819639 0.019148317 0.000000000
0.911823647 0.018766294 0.000000000
0.913827655 0.018383551 0.000000000
0.915831663 0.018000155 0.000000000
0.917835671 0.017616172 0.000000000
0.919839679 0.017231674 0.000000000
0.921843687 0.016846736 0.000000000
0.923847695 0.016461437 0.000000000
0.925851703 0.016075852 0.000000000
0.927855711 0.015690061 0.000000000
0.929859719 0.015304139 0.000000000
0.931863727 0.014918169 0.000000000
0.933867735 0.014532239 0.000000000
0.935871743 0.014146435 0.000000000
0.937875752 0.013760846 0.000000000
0.939879760 0.013375560 0.000000000
0.941883768 0.012990664 0.000000000
0.943887776 0.012606251 0.000000000
0.945891784 0.012222420 0.000000000
0.947895792 0.011839269 0.000000000
0.949899800 0.011456894 0.000000000
0.951903808 0.011075396 0.000000000
0.953907816 0.010694871 0.000000000
0.955911824 0.010315424 0.000000000
0.957915832 0.009937163 0.000000000
0.959919840 0.009560195 0.000000000
0.961923848 0.009184630 0.000000000
0.963927856 0.008810575 0.000000000
0.965931864 0.008438138 0.000000000
0.967935872 0.008067434 0.000000000
0.969939880 0.007698580 0.000000000
0.971943888 0.007331691 0.000000000
0.973947896 0.006966886 0.000000000
0.975951904 0.006604280 0.000000000
0.977955912 0.006243993 0.000000000
0.979959920 0.005886147 0.000000000
0.981963928 0.005530869 0.000000000
0.983967936 0.005178288 0.000000000
0.985971944 0.004828530 0.000000000
0.987975952 0.004481721 0.000000000
0.989979960 0.004137989 0.000000000
0.991983968 0.003797462 0.000000000
0.993987976 0.003460265 0.000000000
0.995991984 0.003126527 0.000000000
0.997995992 0.002796373 0.000000000
1.000000000 0.002469932 0.000000000
0.000000000 0.000000000 0.000000000
0.002004008 -0.007259031 0.000000000
0.004008016 -0.009612835 0.000000000
0.006012024 -0.011769260 0.000000000
0.008016032 -0.013145083 0.000000000
0.010020040 -0.014349001 0.000000000
0.012024048 -0.015466053 0.000000000
0.014028056 -0.016438472 0.000000000
0.016032064 -0.017281793 0.000000000
0.018036072 -0.018039308 0.000000000
0.020040080 -0.018737999 0.000000000
0.022044088 -0.019382771 0.000000000
0.024048096 -0.019977054 0.000000000
0.026052104 -0.020525618 0.000000000
0.028056112 -0.021034308 0.000000000
0.030060120 -0.021508939 0.000000000
0.032064128 -0.021953671 0.000000000
0.034068136 -0.022370919 0.000000000
0.036072144 -0.022763009 0.000000000
0.038076152 -0.023132125 0.000000000
0.040080160 -0.023480019 0.000000000
0.042084168 -0.023808358 0.000000000
0.044088176 -0.024118801 0.000000000
0.046092184 -0.024412707 0.000000000
0.048096192 -0.024691101 0.000000000
0.050100200 -0.024954988 0.000000000
0.052104208 -0.025205366 0.000000000
0.054108216 -0.025443062 0.000000000
0.056112224 -0.025668770 0.000000000
0.058116232 -0.025883181 0.000000000
0.060120240 -0.026086981 0.000000000
0.062124248 -0.026280752 0.000000000
0.064128257 -0.026464972 0.000000000
0.066132265 -0.026640118 0.000000000
0.068136273 -0.026806665 0.000000000
0.070140281 -0.026965047 0.000000000
0.072144289 -0.027115614 0.000000000
0.074148297 -0.027258710 0.000000000
0.076152305 -0.027394675 0.000000000
0.078156313 -0.027523843 0.000000000
0.080160321 -0.027646492 0.000000000
0.082164329 -0.027762871 0.000000000
0.084168337 -0.027873232 0.000000000
0.086172345 -0.027977827 0.000000000
0.088176353 -0.028076887 0.000000000
0.090180361 -0.028170607 0.000000000
0.092184369 -0.028259176 0.000000000
0.094188377 -0.028342782 0.000000000
0.096192385 -0.028421615 0.000000000
0.098196393 -0.028495841 0.000000000
0.100200401 -0.028565606 0.000000000
0.102204409 -0.028631055 0.000000000
0.104208417 -0.028692334 0.000000000
0.106212425 -0.028749586 0.000000000
0.108216433 -0.028802938 0.000000000
0.110220441 -0.028852502 0.000000000
0.112224449 -0.028898392 0.000000000
0.114228457 -0.028940723 0.000000000
0.116232465 -0.028979605 0.000000000
0.118236473 -0.029015138 0.000000000
0.120240481 -0.029047412 0.000000000
0.122244489 -0.029076516 0.000000000
0.124248497 -0.029102542 0.000000000
0.126252505 -0.029125578 0.000000000
0.128256513 -0.029145705 0.000000000
0.130260521 -0.029162995 0.000000000
0.132264529 -0.029177521 0.000000000
0.134268537 -0.029189355 0.000000000
0.136272545 -0.029198570 0.000000000
0.138276553 -0.029205232 0.000000000
0.140280561 -0.029209402 0.000000000
0.142284569 -0.029211138 0.000000000
0.144288577 -0.029210499 0.000000000
0.146292585 -0.029207546 0.000000000
0.148296593 -0.029202333 0.000000000
0.150300601 -0.029194912 0.000000000
0.152304609 -0.029185332 0.000000000
0.154308617 -0.029173641 0.000000000
0.156312625 -0.029159888 0.000000000
0.158316633 -0.029144123 0.000000000
0.160320641 -0.029126387 0.000000000
0.162324649 -0.029106721 0.000000000
0.164328657 -0.029085168 0.000000000
0.166332665 -0.029061767 0.000000000
0.168336673 -0.029036561 0.000000000
0.170340681 -0.029009586 0.000000000
0.172344689 -0.028980878 0.000000000
0.174348697 -0.028950472 0.000000000
0.176352705 -0.028918402 0.000000000
0.178356713 -0.028884704 0.000000000
0.180360721 -0.028849410 0.000000000
0.182364729 -0.028812553 0.000000000
0.184368737 -0.028774160 0.000000000
0.186372745 -0.028734263 0.000000000
0.188376754 -0.028692891 0.000000000
0.190380762 -0.028650074 0.000000000
0.192384770 -0.028605839 0.000000000
0.194388778 -0.028560212 0.000000000
0.196392786 -0.028513220 0.000000000
0.198396794 -0.028464887 0.000000000
0.200400802 -0.028415239 0.000000000
0.202404810 -0.028364303 0.000000000
0.204408818 -0.028312100 0.000000000
0.206412826 -0.028258654 0.000000000
0.208416834 -0.028203987 0.000000000
0.210420842 -0.028148122 0.000000000
0.212424850 -0.028091080 0.000000000
0.214428858 -0.028032884 0.000000000
0.216432866 -0.027973553 0.000000000
0.218436874 -0.027913108 0.000000000
0.220440882 -0.027851568 0.000000000
0.222444890 -0.027788953 0.000000000
0.224448898 -0.027725283 0.000000000
0.226452906 -0.027660576 0.000000000
0.228456914 -0.027594850 0.000000000
0.230460922 -0.027528122 0.000000000
0.232464930 -0.027460411 0.000000000
0.234468938 -0.027391734 0.000000000
0.236472946 -0.027322108 0.000000000
0.238476954 -0.027251550 0.000000000
0.240480962 -0.027180075 0.000000000
0.242484970 -0.027107700 0.000000000
0.244488978 -0.027034440 0.000000000
0.246492986 -0.026960310 0.000000000
0.248496994 -0.026885328 0.000000000
0.250501002 -0.026809506 0.000000000
0.252505010 -0.026732860 0.000000000
0.254509018 -0.026655403 0.000000000
0.256513026 -0.026577151 0.000000000
0.258517034 -0.026498117 0.000000000
0.260521042 -0.026418315 0.000000000
0.262525050 -0.026337758 0.000000000
0.264529058 -0.026256460 0.000000000
0.266533066 -0.026174434 0.000000000
0.268537074 -0.026091692 0.000000000
0.270541082 -0.026008249 0.000000000
0.272545090 -0.025924115 0.000000000
0.274549098 -0.025839304 0.000000000
0.276553106 -0.025753827 0.000000000
0.278557114 -0.025667697 0.000000000
0.280561122 -0.025580925 0.000000000
0.282565130 -0.025493524 0.000000000
0.284569138 -0.025405504 0.000000000
0.286573146 -0.025316878 0.000000000
0.288577154 -0.025227656 0.000000000
0.290581162 -0.025137849 0.000000000
0.292585170 -0.025047468 0.000000000
0.294589178 -0.024956525 0.000000000
0.296593186 -0.024865031 0.000000000
0.298597194 -0.024772994 0.000000000
0.300601202 -0.024680426 0.000000000
0.302605210 -0.024587338 0.000000000
0.304609218 -0.024493739 0.000000000
0.306613226 -0.024399640 0.000000000
0.308617234 -0.024305051 0.000000000
0.310621242 -0.024209981 0.000000000
0.312625251 -0.024114440 0.000000000
0.314629259 -0.024018437 0.000000000
0.316633267 -0.023921983 0.000000000
0.318637275 -0.023825087 0.000000000
0.320641283 -0.023727759 0.000000000
0.322645291 -0.023630006 0.000000000
0.324649299 -0.023531839 0.000000000
0.326653307 -0.023433266 0.000000000
0.328657315 -0.023334297 0.000000000
0.330661323 -0.023234941 0.000000000
0.332665331 -0.023135206 0.000000000
0.334669339 -0.023035101 0.000000000
0.336673347 -0.022934634 0.000000000
0.338677355 -0.022833814 0.000000000
0.340681363 -0.022732650 0.000000000
0.342685371 -0.022631150 0.000000000
0.344689379 -0.022529322 0.000000000
0.346693387 -0.022427175 0.000000000
0.348697395 -0.022324716 0.000000000
0.350701403 -0.022221954 0.000000000
0.352705411 -0.022118897 0.000000000
0.354709419 -0.022015553 0.000000000
0.356713427 -0.021911929 0.000000000
0.358717435 -0.021808033 0.000000000
0.360721443 -0.021703874 0.000000000
0.362725451 -0.021599458 0.000000000
0.364729459 -0.021494794 0.000000000
0.366733467 -0.021389888 0.000000000
0.368737475 -0.021284749 0.000000000
0.370741483 -0.021179384 0.000000000
0.372745491 -0.021073800 0.000000000
0.374749499 -0.020968004 0.000000000
0.376753507 -0.020862004 0.000000000
0.378757515 -0.020755808 0.000000000
0.380761523 -0.020649420 0.000000000
0.382765531 -0.020542850 0.000000000
0.384769539 -0.020436104 0.000000000
0.386773547 -0.020329189 0.000000000
0.388777555 -0.020222112 0.000000000
0.390781563 -0.020114880 0.000000000
0.392785571 -0.020007499 0.000000000
0.394789579 -0.019899976 0.000000000
0.396793587 -0.019792318 0.000000000
0.398797595 -0.019684531 0.000000000
0.400801603 -0.019576623 0.000000000
0.402805611 -0.019468600 0.000000000
0.404809619 -0.019360467 0.000000000
0.406813627 -0.019252232 0.000000000
0.408817635 -0.019143900 0.000000000
0.410821643 -0.019035479 0.000000000
0.412825651 -0.018926974 0.000000000
0.414829659 -0.018818392 0.000000000
0.416833667 -0.018709738 0.000000000
0.418837675 -0.018601020 0.000000000
0.420841683 -0.018492242 0.000000000
0.422845691 -0.018383412 0.000000000
0.424849699 -0.018274534 0.000000000
0.426853707 -0.018165615 0.000000000
0.428857715 -0.018056661 0.000000000
0.430861723 -0.017947678 0.000000000
0.432865731 -0.017838671 0.000000000
0.434869739 -0.017729647 0.000000000
0.436873747 -0.017620610 0.000000000
0.438877756 -0.017511566 0.000000000
0.440881764 -0.017402522 0.000000000
0.442885772 -0.017293482 0.000000000
0.444889780 -0.017184453 0.000000000
0.446893788 -0.017075439 0.000000000
0.448897796 -0.016966447 0.000000000
0.450901804 -0.016857480 0.000000000
0.452905812 -0.016748546 0.000000000
0.454909820 -0.016639649 0.000000000
0.456913828 -0.016530794 0.000000000
0.458917836 -0.016421986 0.000000000
0.460921844 -0.016313232 0.000000000
0.462925852 -0.016204535 0.000000000
0.464929860 -0.016095901 0.000000000
0.466933868 -0.015987335 0.000000000
0.468937876 -0.015878842 0.000000000
0.470941884 -0.015770427 0.000000000
0.472945892 -0.015662094 0.000000000
0.474949900 -0.015553850 0.000000000
0.476953908 -0.015445697 0.000000000
0.478957916 -0.015337642 0.000000000
0.480961924 -0.015229689 0.000000000
0.482965932 -0.015121843 0.000000000
0.484969940 -0.015014108 0.000000000
0.486973948 -0.014906490 0.000000000
0.488977956 -0.014798991 0.000000000
0.490981964 -0.014691618 0.000000000
0.492985972 -0.014584374 0.000000000
0.494989980 -0.014477264 0.000000000
0.496993988 -0.014370293 0.000000000
0.498997996 -0.014263464 0.000000000
0.501002004 -0.014156782 0.000000000
0.503006012 -0.014050252 0.000000000
0.505010020 -0.013943877 0.000000000
0.507014028 -0.013837662 0.000000000
0.509018036 -0.013731611 0.000000000
0.511022044 -0.013625727 0.000000000
0.513026052 -0.013520016 0.000000000
0.515030060 -0.013414481 0.000000000
0.517034068 -0.013309126 0.000000000
0.519038076 -0.013203955 0.000000000
0.521042084 -0.013098972 0.000000000
0.523046092 -0.012994181 0.000000000
0.525050100 -0.012889585 0.000000000
0.527054108 -0.012785189 0.000000000
0.529058116 -0.012680996 0.000000000
0.531062124 -0.012577010 0.000000000
0.533066132 -0.012473234 0.000000000
0.535070140 -0.012369672 0.000000000
0.537074148 -0.012266328 0.000000000
0.539078156 -0.012163205 0.000000000
0.541082164 -0.012060306 0.000000000
0.543086172 -0.011957636 0.000000000
0.545090180 -0.011855197 0.000000000
0.547094188 -0.011752994 0.000000000
0.549098196 -0.011651028 0.000000000
0.551102204 -0.011549304 0.000000000
0.553106212 -0.011447824 0.000000000
0.555110220 -0.011346593 0.000000000
0.557114228 -0.011245612 0.000000000
0.559118236 -0.011144886 0.000000000
0.561122244 -0.011044417 0.000000000
0.563126253 -0.010944209 0.000000000
0.565130261 -0.010844263 0.000000000
0.567134269 -0.010744584 0.000000000
0.569138277 -0.010645175 0.000000000
0.571142285 -0.010546037 0.000000000
0.573146293 -0.010447174 0.000000000
0.575150301 -0.010348589 0.000000000
0.577154309 -0.010250284 0.000000000
0.579158317 -0.010152263 0.000000000
0.581162325 -0.010054527 0.000000000
0.583166333 -0.009957080 0.000000000
0.585170341 -0.009859923 0.000000000
0.587174349 -0.009763060 0.000000000
0.589178357 -0.009666494 0.000000000
0.591182365 -0.009570226 0.000000000
0.593186373 -0.009474259 0.000000000
0.595190381 -0.009378595 0.000000000
0.597194389 -0.009283237 0.000000000
0.599198397 -0.009188187 0.000000000
0.601202405 -0.009093447 0.000000000
0.603206413 -0.008999020 0.000000000
0.605210421 -0.008904908 0.000000000
0.607214429 -0.008811112 0.000000000
0.609218437 -0.008717635 0.000000000
0.611222445 -0.008624480 0.000000000
0.613226453 -0.008531647 0.000000000
0.615230461 -0.008439140 0.000000000
0.617234469 -0.008346959 0.000000000
0.619238477 -0.008255107 0.000000000
0.621242485 -0.008163586 0.000000000
0.623246493 -0.008072398 0.000000000
0.625250501 -0.007981544 0.000000000
0.627254509 -0.007891026 0.000000000
0.629258517 -0.007800846 0.000000000
0.631262525 -0.007711005 0.000000000
0.633266533 -0.007621505 0.000000000
0.635270541 -0.007532349 0.000000000
0.637274549 -0.007443536 0.000000000
0.639278557 -0.007355070 0.000000000
0.641282565 -0.007266950 0.000000000
0.643286573 -0.007179179 0.000000000
0.645290581 -0.007091759 0.000000000
0.647294589 -0.007004690 0.000000000
0.649298597 -0.006917974 0.000000000
0.651302605 -0.006831612 0.000000000
0.653306613 -0.006745605 0.000000000
0.655310621 -0.006659955 0.000000000
0.657314629 -0.006574663 0.000000000
0.659318637 -0.006489729 0.000000000
0.661322645 -0.006405156 0.000000000
0.663326653 -0.006320944 0.000000000
0.665330661 -0.006237094 0.000000000
0.667334669 -0.006153607 0.000000000
0.669338677 -0.006070485 0.000000000
0.671342685 -0.005987727 0.000000000
0.673346693 -0.005905336 0.000000000
0.675350701 -0.005823311 0.000000000
0.677354709 -0.005741654 0.000000000
0.679358717 -0.005660366 0.000000000
0.681362725 -0.005579446 0.000000000
0.683366733 -0.005498897 0.000000000
0.685370741 -0.005418718 0.000000000
0.687374749 -0.005338911 0.000000000
0.689378758 -0.005259476 0.000000000
0.691382766 -0.005180413 0.000000000
0.693386774 -0.005101724 0.000000000
0.695390782 -0.005023408 0.000000000
0.697394790 -0.004945466 0.000000000
0.699398798 -0.004867899 0.000000000
0.701402806 -0.004790708 0.000000000
0.703406814 -0.004713891 0.000000000
0.705410822 -0.004637451 0.000000000
0.707414830 -0.004561387 0.000000000
0.709418838 -0.004485700 0.000000000
0.711422846 -0.004410390 0.000000000
0.713426854 -0.004335457 0.000000000
0.715430862 -0.004260902 0.000000000
0.717434870 -0.004186724 0.000000000
0.719438878 -0.004112924 0.000000000
0.721442886 -0.004039502 0.000000000
0.723446894 -0.003966459 0.000000000
0.725450902 -0.003893794 0.000000000
0.727454910 -0.003821508 0.000000000
0.729458918 -0.003749600 0.000000000
0.731462926 -0.003678071 0.000000000
0.733466934 -0.003606920 0.000000000
0.735470942 -0.003536149 0.000000000
0.737474950 -0.003465756 0.000000000
0.739478958 -0.003395741 0.000000000
0.741482966 -0.003326106 0.000000000
0.743486974 -0.003256849 0.000000000
0.745490982 -0.003187970 0.000000000
0.747494990 -0.003119470 0.000000000
0.749498998 -0.003051348 0.000000000
0.751503006 -0.002983604 0.000000000
0.753507014 -0.002916239 0.000000000
0.755511022 -0.002849251 0.000000000
0.757515030 -0.002782641 0.000000000
0.759519038 -0.002716408 0.000000000
0.761523046 -0.002650553 0.000000000
0.763527054 -0.002585075 0.000000000
0.765531062 -0.002519973 0.000000000
0.767535070 -0.002455249 0.000000000
0.769539078 -0.002390900 0.000000000
0.771543086 -0.002326928 0.000000000
0.773547094 -0.002263332 0.000000000
0.775551102 -0.002200111 0.000000000
0.777555110 -0.002137266 0.000000000
0.779559118 -0.002074795 0.000000000
0.781563126 -0.002012700 0.000000000
0.783567134 -0.001950979 0.000000000
0.785571142 -0.001889632 0.000000000
0.787575150 -0.001828659 0.000000000
0.789579158 -0.001768059 0.000000000
0.791583166 -0.001707833 0.000000000
0.793587174 -0.001647980 0.000000000
0.795591182 -0.001588499 0.000000000
0.797595190 -0.001529391 0.000000000
0.799599198 -0.001470655 0.000000000
0.801603206 -0.001412291 0.000000000
0.803607214 -0.001354299 0.000000000
0.805611222 -0.001296678 0.000000000
0.807615230 -0.001239427 0.000000000
0.809619238 -0.001182548 0.000000000
0.811623246 -0.001126039 0.000000000
0.813627255 -0.001069900 0.000000000
0.815631263 -0.001014131 0.000000000
0.817635271 -0.000958733 0.000000000
0.819639279 -0.000903703 0.000000000
0.821643287 -0.000849044 0.000000000
0.823647295 -0.000794753 0.000000000
0.825651303 -0.000740831 0.000000000
0.827655311 -0.000687279 0.000000000
0.829659319 -0.000634095 0.000000000
0.831663327 -0.000581280 0.000000000
0.833667335 -0.000528834 0.000000000
0.835671343 -0.000476756 0.000000000
0.837675351 -0.000425047 0.000000000
0.839679359 -0.000373706 0.000000000
0.841683367 -0.000322733 0.000000000
0.843687375 -0.000272130 0.000000000
0.845691383 -0.000221894 0.000000000
0.847695391 -0.000172028 0.000000000
0.849699399 -0.000122530 0.000000000
0.851703407 -0.000073401 0.000000000
0.853707415 -0.000024641 0.000000000
0.855711423 0.000023749 0.000000000
0.857715431 0.000071770 0.000000000
0.859719439 0.000119422 0.000000000
0.861723447 0.000166703 0.000000000
0.863727455 0.000213614 0.000000000
0.865731463 0.000260154 0.000000000
0.867735471 0.000306323 0.000000000
0.869739479 0.000352120 0.000000000
0.871743487 0.000397545 0.000000000
0.873747495 0.000442597 0.000000000
0.875751503 0.000487276 0.000000000
0.877755511 0.000531581 0.000000000
0.879759519 0.000575512 0.000000000
0.881763527 0.000619067 0.000000000
0.883767535 0.000662247 0.000000000
0.885771543 0.000705050 0.000000000
0.887775551 0.000747475 0.000000000
0.889779559 0.000789522 0.000000000
0.891783567 0.000831189 0.000000000
0.893787575 0.000872476 0.000000000
0.895791583 0.000913382 0.000000000
0.897795591 0.000953905 0.000000000
0.899799599 0.000994044 0.000000000
0.901803607 0.001033799 0.000000000
0.903807615 0.001073167 0.000000000
0.905811623 0.001112148 0.000000000
0.907815631 0.001150741 0.000000000
0.909819639 0.001188943 0.000000000
0.911823647 0.001226753 0.000000000
0.913827655 0.001264171 0.000000000
0.915831663 0.001301193 0.000000000
0.917835671 0.001337820 0.000000000
0.919839679 0.001374048 0.000000000
0.921843687 0.001409877 0.000000000
0.923847695 0.001445304 0.000000000
0.925851703 0.001480327 0.000000000
0.927855711 0.001514945 0.000000000
0.929859719 0.001549156 0.000000000
0.931863727 0.001582957 0.000000000
0.933867735 0.001616347 0.000000000
0.935871743 0.001649322 0.000000000
0.937875752 0.001681882 0.000000000
0.939879760 0.001714024 0.000000000
0.941883768 0.001745744 0.000000000
0.943887776 0.001777042 0.000000000
0.945891784 0.001807915 0.000000000
0.947895792 0.001838359 0.000000000
0.949899800 0.001868372 0.000000000
0.951903808 0.001897952 0.000000000
0.953907816 0.001927096 0.000000000
0.955911824 0.001955802 0.000000000
0.957915832 0.001984065 0.000000000
0.959919840 0.002011884 0.000000000
0.961923848 0.002039255 0.000000000
0.963927856 0.002066176 0.000000000
0.965931864 0.002092643 0.000000000
0.967935872 0.002118653 0.000000000
0.969939880 0.002144203 0.000000000
0.971943888 0.002169290 0.000000000
0.973947896 0.002193910 0.000000000
0.975951904 0.002218061 0.000000000
0.977955912 0.002241738 0.000000000
0.979959920 0.002264939 0.000000000
0.981963928 0.002287659 0.000000000
0.983967936 0.002309896 0.000000000
0.985971944 0.002331645 0.000000000
0.987975952 0.002352903 0.000000000
0.989979960 0.002373666 0.000000000
0.991983968 0.002393930 0.000000000
0.993987976 0.002413693 0.000000000
0.995991984 0.002432950 0.000000000
0.997995992 0.002451698 0.000000000
1.000000000 0.002469932 0.000000000
