500 2
0.0 0.0 0.0
1.0020019991919838e-05 0.00048417653585967267 0.0
3.999983974464513e-05 0.0009653453905437035 0.0
8.981946094539023e-05 0.0014435282961039323 0.0
0.00015935936720133095 0.0019187467519194408 0.0
0.0002485005230699463 0.0023910220257992764 0.0
0.0003571243730893613 0.002860375155085181 0.0
0.0004851128408086882 0.003326826947754313 0.0
0.0006323483278183695 0.003790397983521978 0.0
0.0007987137127805191 0.004251108614944344 0.0
0.0009840923504592662 0.0047089789685211825 0.0
0.0011883680707510948 0.0051640289457985785 0.0
0.0014114251777151878 0.005616278224471668 0.0
0.0016531484486037701 0.006065746259487354 0.0
0.0019134231328924464 0.006512452284147039 0.0
0.0021921349513105482 0.0069564153112093505 0.0
0.0024891700948714733 0.00739765413399286 0.0
0.0028044152239030283 0.007836187327478816 0.0
0.0031377574670777703 0.008272033249413861 0.0
0.003489084420443353 0.008705210041412769 0.0
0.0038582841464528624 0.009135735630061162 0.0
0.00424524517299516 0.009563627728018234 0.0
0.004649856492425233 0.009988903835119493 0.0
0.005072007560594526 0.01041158123947946 0.0
0.005511588295881288 0.01083167701859441 0.0
0.005968489078220919 0.011249208040445111 0.0
0.006442600748136295 0.011664190964599508 0.0
0.006933814605768137 0.012076642243315505 0.0
0.007442022409905326 0.012486578122643642 0.0
0.00796711637701527 0.012894014643529845 0.0
0.008508989180274219 0.013298967642918144 0.0
0.009067533948597637 0.013701452754853405 0.0
0.009642644265670517 0.014101485411584047 0.0
0.01023421416897774 0.01449908084466477 0.0
0.01084213814883442 0.014894254086059298 0.0
0.011466311147416223 0.015287019969243056 0.0
0.012106628557789724 0.01567739313030596 0.0
0.012762986222942778 0.01606538800905509 0.0
0.013435280434814794 0.01645101885011746 0.0
0.014123407933327151 0.016834299704042696 0.0
0.014827265905413483 0.0172152444284058 0.0
0.015546751984050058 0.017593866688909852 0.0
0.016281764247286085 0.01797017996048875 0.0
0.017032201217274112 0.018344197528409933 0.0
0.01779796185930031 0.018715932489377092 0.0
0.01857894558081484 0.01908539775263292 0.0
0.01937505223046219 0.019452606041061818 0.0
0.020186182097111545 0.019817569892292632 0.0
0.021012235908887074 0.020180301659801364 0.0
0.021853114832198327 0.020540813514013923 0.0
0.02270872047077054 0.020899117443408822 0.0
0.023578954864674984 0.021255225255619927 0.0
0.02446372048935934 0.021609148578539166 0.0
0.025362920254677988 0.02196089886141926 0.0
0.02627645750392239 0.022310487375976445 0.0
0.027204236012851404 0.022657925217493206 0.0
0.028146159988721667 0.023003223305921017 0.0
0.029102134069317886 0.023346392386983026 0.0
0.03007206332198321 0.023687443033276794 0.0
0.031055853242649565 0.024026385645377055 0.0
0.03205340975486801 0.024363230452938405 0.0
0.03306463920883905 0.024697987515798017 0.0
0.03408944838044301 0.025030666725078445 0.0
0.035127744470270346 0.02536127780429021 0.0
0.036179435102652015 0.025689830310434682 0.0
0.0372444283246898 0.026016333635106702 0.0
0.03832263260528667 0.026340797005597313 0.0
0.039413956834177095 0.02666322948599657 0.0
0.04051831032095739 0.026983639978296135 0.0
0.0416356027941161 0.02730203722349212 0.0
0.0427657444000643 0.027618429802687756 0.0
0.04390864570216592 0.027932826138196108 0.0
0.04506421767976821 0.02824523449464287 0.0
0.04623237172723183 0.02855566298006896 0.0
0.04741301965296155 0.028864119547033402 0.0
0.04860607367843617 0.029170611993715925 0.0
0.049811446437239296 0.029475147965019797 0.0
0.051029050974089295 0.029777734953674414 0.0
0.05225880074386996 0.030078380301338192 0.0
0.0535006096106606 0.030377091199701122 0.0
0.05475439184676656 0.03067387469158765 0.0
0.05602006213174937 0.030968737672059266 0.0
0.0572975355514574 0.031261686889517366 0.0
0.0585867275970558 0.03155272894680582 0.0
0.05988755416405725 0.03184187030231389 0.0
0.06119993155135195 0.032129117271078755 0.0
0.06252377646023818 0.03241447602588837 0.0
0.0638590059934526 0.03269795259838416 0.0
0.06520553765420048 0.03297955288016373 0.0
0.06656328934518625 0.033259282623883585 0.0
0.06793217936764369 0.03353714744436189 0.0
0.0693121264203662 0.03381315281968117 0.0
0.07070304959873741 0.03408730409229103 0.0
0.07210486839376125 0.0343596064701109 0.0
0.07351750269109245 0.03463006502763275 0.0
0.07494087277006682 0.03489868470702383 0.0
0.07637489930273157 0.03516547031922933 0.0
0.07781950335287582 0.03543042654507526 0.0
0.07927460637506066 0.03569355793637095 0.0
0.08074013021364973 0.035954868917011995 0.0
0.08221599710183942 0.03621436378408285 0.0
0.08370212966068934 0.03647204670895957 0.0
0.08519845089815249 0.0367279217384126 0.0
0.08670488420810586 0.03698199279570942 0.0
0.0882213533693804 0.03723426368171732 0.0
0.08974778254479177 0.03748473807600611 0.0
0.09128409628017038 0.03773341953795087 0.0
0.09283021950339189 0.03798031150783462 0.0
0.09438607752340746 0.03822541730795109 0.0
0.09595159602927417 0.03846874014370744 0.0
0.09752670108918535 0.038710283104726996 0.0
0.09911131914950079 0.038950049165951926 0.0
0.10070537703377734 0.039188041188746026 0.0
0.102308801941799 0.039424261921997404 0.0
0.10392152144860742 0.03965871400322123 0.0
0.10554346350353214 0.039891399959662455 0.0
0.10717455642922101 0.040122322209398514 0.0
0.10881472892067048 0.040351483062442094 0.0
0.110463910044256 0.04057888472184382 0.0
0.1121220292367623 0.04080452928479502 0.0
0.11378901630441376 0.041028418743730394 0.0
0.11546480142190477 0.041250554987430806 0.0
0.11714931513143 0.04147093980212595 0.0
0.11884248834171492 0.04168957487259715 0.0
0.12054425232704585 0.041906461783279954 0.0
0.1222545387263006 0.04212160201936704 0.0
0.12397327954197854 0.042334996967910744 0.0
0.12570040713923133 0.04254664791892602 0.0
0.12743585424489265 0.04275655606649287 0.0
0.1291795539465093 0.042964722509859395 0.0
0.13093143969137086 0.0431711482545442 0.0
0.13269144528554055 0.04337583421343944 0.0
0.13445950489288502 0.04357878120791321 0.0
0.13623555303410548 0.04377998996891263 0.0
0.13801952458576705 0.04397946113806621 0.0
0.1398113547793301 0.044177195268786856 0.0
0.14161097920017973 0.044373192827374425 0.0
0.14341833378665692 0.044567454194118616 0.0
0.14523335482908806 0.04475997966440144 0.0
0.147055978968816 0.04495076944980026 0.0
0.14888614319722973 0.045139823679190214 0.0
0.15072378485479543 0.0453271423998472 0.0
0.15256884163008633 0.04551272557855041 0.0
0.15442125155881314 0.04569657310268516 0.0
0.15628095302285436 0.04587868478134558 0.0
0.1581478847492869 0.04605906034643735 0.0
0.16002198580941598 0.046237699453780395 0.0
0.16190319561780592 0.046414601684211645 0.0
0.1637914539313101 0.04658976654468781 0.0
0.1656867008481015 0.04676319346938795 0.0
0.16758887680670312 0.04693488182081636 0.0
0.1694979225850181 0.04710483089090522 0.0
0.17141377929936033 0.047273039902117335 0.0
0.1733363884034844 0.047439508008548854 0.0
0.17526569168761633 0.04760423429703203 0.0
0.17720163127748373 0.04776721778823782 0.0
0.1791441496333462 0.047928457437778856 0.0
0.18109318954902578 0.04808795213731191 0.0
0.1830486941509368 0.048245700715640744 0.0
0.1850106068971169 0.048401701939818874 0.0
0.18697887157625692 0.048555954516252185 0.0
0.18895343230673142 0.048708457091801764 0.0
0.1909342335356289 0.04885920825488655 0.0
0.19292122003778236 0.04900820653658609 0.0
0.19491433691479948 0.04915545041174326 0.0
0.19691352959409275 0.04930093830006701 0.0
0.19891874382791033 0.049444668567235055 0.0
0.20092992569236598 0.04958663952599659 0.0
0.20294702158646968 0.049726849437275136 0.0
0.20496997823115745 0.04986529651127105 0.0
0.20699874266832263 0.05000197890856446 0.0
0.20903326225984498 0.050136894741217845 0.0
0.2110734846866224 0.0502700420738789 0.0
0.21311935794759992 0.05040141892488307 0.0
0.2151708303588013 0.05053102326735649 0.0
0.21722785055235816 0.05065885303031852 0.0
0.21929036747554154 0.05078490609978466 0.0
0.22135833038979105 0.050909180319869046 0.0
0.22343168886974638 0.05103167349388743 0.0
0.22551039280227642 0.051152383385459625 0.0
0.22759439238551085 0.05127130771961259 0.0
0.2296836381278692 0.05138844418388271 0.0
0.2317780808470927 0.051503790429419 0.0
0.23387767166927287 0.05161734407208535 0.0
0.2359823620278837 0.05172910269356375 0.0
0.2380921036628101 0.05183906384245647 0.0
0.24020684861938005 0.051947225035389365 0.0
0.24232654924739355 0.052053583758114065 0.0
0.24445115820015398 0.05215813746661114 0.0
0.2465806284334973 0.052260883588192426 0.0
0.24871491320482392 0.05236181952260417 0.0
0.25085396607212734 0.05246094264312934 0.0
0.252997740893026 0.05255825029769072 0.0
0.2551461918237928 0.05265373980995333 0.0
0.2572992733183852 0.05274740848042739 0.0
0.25945694012747655 0.05283925358757086 0.0
0.26161914729748553 0.05292927238889231 0.0
0.26378585016960676 0.05301746212205354 0.0
0.2659570043788415 0.053103820005972385 0.0
0.2681325658530274 0.053188343241925395 0.0
0.2703124908118691 0.05327102901465052 0.0
0.2724967357659689 0.05335187449344998 0.0
0.2746852575158565 0.05343087683329283 0.0
0.27687801315101984 0.05350803317591776 0.0
0.27907496004893506 0.053583340650935826 0.0
0.28127605587409743 0.05365679637693317 0.0
0.28348125857705064 0.053728397462573706 0.0
0.28569052639341846 0.053798141007701875 0.0
0.28790381784293395 0.05386602410444546 0.0
0.2901210917284705 0.053932043838318094 0.0
0.2923423071350718 0.0539961972893222 0.0
0.2945674234289825 0.054058481533051615 0.0
0.2967964002566783 0.05411889364179435 0.0
0.29902919754389623 0.054177430685635256 0.0
0.3012657754946653 0.054234089733558824 0.0
0.3035060945903365 0.05428886785455185 0.0
0.30575011558861365 0.05434176211870622 0.0
0.3079977995225829 0.05439276959832163 0.0
0.31024910769974395 0.054441887369008186 0.0
0.3125040017010402 0.05448911251078937 0.0
0.3147624433798881 0.05453444210920443 0.0
0.3170243948612094 0.05457787325641157 0.0
0.3192898185404594 0.05461940305229015 0.0
0.32155867708265906 0.054659028605543836 0.0
0.3238309334214238 0.05469674703480302 0.0
0.3261065507579956 0.05473255546972788 0.0
0.3283854925602713 0.05476645105211065 0.0
0.33066772256183485 0.054798430936978886 0.0
0.33295320476098605 0.054828492293697614 0.0
0.33524190341977256 0.05485663230707267 0.0
0.33753378306301823 0.05488284817845278 0.0
0.33982880847735575 0.05490713712683292 0.0
0.34212694471025445 0.05492949638995645 0.0
0.34442815706905316 0.05494992322541841 0.0
0.3467324111199884 0.05496841491176766 0.0
0.3490396726872267 0.054984968749610195 0.0
0.35134990785189263 0.054999582062711314 0.0
0.35366308295110194 0.05501225219909885 0.0
0.3559791645769889 0.05502297653216546 0.0
0.3582981195757396 0.05503175246177173 0.0
0.36061991504661933 0.05503857741534848 0.0
0.362944518341006 0.05504344884900005 0.0
0.3652718970614173 0.055046364248606365 0.0
0.36760201906054424 0.055047321130926294 0.0
0.3699348524402783 0.055046317044699825 0.0
0.37227036555074483 0.05504334957175125 0.0
0.3746085269893311 0.05503841632809156 0.0
0.3769493055997178 0.055031514965021386 0.0
0.37929267047090853 0.05502264317023355 0.0
0.3816385909362615 0.05501179866891594 0.0
0.3839870365725185 0.05499897922485414 0.0
0.38633797719883584 0.05498418264153421 0.0
0.3886913828758148 0.054967406763245366 0.0
0.3910472239045317 0.05494864947618274 0.0
0.3934054708255685 0.05492790870955011 0.0
0.39576609441804256 0.054905182436662585 0.0
0.3981290656986381 0.05488046867604938 0.0
0.4004943559206353 0.05485376549255647 0.0
0.40286193657294134 0.054825070998449396 0.0
0.4052317793791208 0.054794383354516 0.0
0.4076038562964256 0.05476170077116902 0.0
0.40997813951482576 0.05472702150954898 0.0
0.41235460145603897 0.054690343882626766 0.0
0.4147332147725624 0.05465166625630649 0.0
0.4171139523467015 0.05461098705052812 0.0
0.4194967872896011 0.05456830474037025 0.0
0.42188169294027555 0.05452361785715278 0.0
0.4242686428646392 0.0544769249895397 0.0
0.4266576108545371 0.05442822478464178 0.0
0.42904857092677423 0.05437751594911931 0.0
0.4314414973221468 0.0543247972502848 0.0
0.43383636450447255 0.05427006751720576 0.0
0.4362331471596209 0.05421332564180736 0.0
0.4386318201945428 0.05415457057997518 0.0
0.44103235873630176 0.05409380135265797 0.0
0.4434347381311042 0.05403101704697033 0.0
0.44583893394332946 0.05396621681729547 0.0
0.4482449219545599 0.05389939988638788 0.0
0.4506526781626121 0.05383056554647613 0.0
0.4530621787805663 0.05375971316036555 0.0
0.4554734002357973 0.05368684216254095 0.0
0.4578863191690046 0.05361195206026937 0.0
0.4603009124332426 0.05353504243470281 0.0
0.4627171570929517 0.05345611294198094 0.0
0.4651350304229873 0.05337516331433378 0.0
0.46755450990765146 0.053292193361184535 0.0
0.4699755732397224 0.05320720297025224 0.0
0.47239819831948504 0.053120192108654464 0.0
0.4748223632537618 0.05303116082401014 0.0
0.4772480463549422 0.052940109245542155 0.0
0.4796752261400139 0.05284703758518023 0.0
0.48210388132959225 0.05275194613866348 0.0
0.4845339908469515 0.05265483528664325 0.0
0.4869655338170548 0.052555705495785865 0.0
0.48939848956558407 0.05245455731987523 0.0
0.4918328376179711 0.052351391400915624 0.0
0.49426855769842726 0.05224620847023452 0.0
0.4967056297289744 0.05213900934958511 0.0
0.4991440338284747 0.052029794952249214 0.0
0.5015837503116614 0.051918566284139905 0.0
0.504024759688169 0.051805324444904266 0.0
0.5064670426615634 0.051690070629026134 0.0
0.5089105801283723 0.051572806126928744 0.0
0.5113553531771162 0.05145353232607758 0.0
0.5138013430873376 0.05133225071208298 0.0
0.5162485313286322 0.05120896286980297 0.0
0.518696899559679 0.05108367048444586 0.0
0.521146429627271 0.05095637534267315 0.0
0.523597103565344 0.05082707933370204 0.0
0.5260489035940096 0.05069578445040835 0.0
0.5285018121185827 0.05056249279042909 0.0
0.5309558117286144 0.050427206557265326 0.0
0.5334108851969203 0.050289928061384805 0.0
0.535867015478612 0.05015065972132471 0.0
0.5383241857101271 0.05000940406479438 0.0
0.5407823792082592 0.049866163729778035 0.0
0.5432415794691896 0.04972094146563757 0.0
0.5457017701675153 0.049573740134215165 0.0
0.5481629351552819 0.049424562710936065 0.0
0.5506250584610121 0.049273412285911325 0.0
0.5530881242887364 0.04912029206504053 0.0
0.5555521170170244 0.04896520537111446 0.0
0.5580170211980144 0.048808155644917924 0.0
0.5604828215564431 0.04864914644633238 0.0
0.5629495029886775 0.04848818145543871 0.0
0.5654170505617437 0.04832526447361997 0.0
0.5678854495123584 0.04816039942466404 0.0
0.5703546852459584 0.04799359035586646 0.0
0.5728247433357317 0.04782484143913301 0.0
0.5752956095216472 0.0476541569720826 0.0
0.5777672697094851 0.04748154137914983 0.0
0.580239709969868 0.04730699921268787 0.0
0.5827129165372903 0.04713053515407108 0.0
0.5851868758091487 0.046952154014797805 0.0
0.5876615743447737 0.04677186073759298 0.0
0.5901369988644578 0.046589660397511015 0.0
0.5926131362484877 0.04640555820303843 0.0
0.5950899735361738 0.046219559497196576 0.0
0.5975674979248813 0.046031669758644415 0.0
0.6000456967690591 0.04584189460278118 0.0
0.6025245575792714 0.04565023978284916 0.0
0.6050040680212279 0.04545671119103636 0.0
0.6074842159148134 0.04526131485957931 0.0
0.6099649892331191 0.045064056961865696 0.0
0.6124463761014725 0.04486494381353719 0.0
0.6149283647964673 0.04466398187359207 0.0
0.6174109437449946 0.04446117774548802 0.0
0.6198941015232721 0.044256538178244806 0.0
0.6223778268558762 0.04405007006754708 0.0
0.6248621086147708 0.04384178045684702 0.0
0.6273469358183377 0.04363167653846704 0.0
0.629832297630408 0.04341976565470265 0.0
0.6323181833592919 0.043206055298925045 0.0
0.6348045824568083 0.042990553116683886 0.0
0.6372914845173162 0.04277326690681003 0.0
0.6397788792767448 0.04255420462251823 0.0
0.6422667566116234 0.042333374372509884 0.0
0.6447551065381123 0.04211078442207576 0.0
0.6472439192110325 0.04188644319419871 0.0
0.6497331849228969 0.04166035927065637 0.0
0.6522228941029399 0.041432541393123995 0.0
0.6547130373161476 0.041202998464276996 0.0
0.6572036052622896 0.04097173954889387 0.0
0.6596945887749471 0.04073877387495875 0.0
0.6621859788205452 0.040504110834764295 0.0
0.6646777664973822 0.04026775998601426 0.0
0.6671699430346603 0.040029731052926315 0.0
0.6696624997915158 0.03979003392733478 0.0
0.6721554282560496 0.03954867866979325 0.0
0.674648720044357 0.03930567551067747 0.0
0.6771423668995593 0.03906103485128792 0.0
0.6796363606908323 0.03881476726495261 0.0
0.6821306934124386 0.03856688349812981 0.0
0.6846253571827565 0.03831739447151078 0.0
0.6871203442433111 0.03806631128112243 0.0
0.6896156469578042 0.037813645199430125 0.0
0.6921112578111448 0.037559407676440365 0.0
0.6946071694084797 0.037303610340803525 0.0
0.6971033744742232 0.037046265000916595 0.0
0.6995998658510885 0.036787383646025865 0.0
0.7020966364991168 0.0365269784473297 0.0
0.7045936794947087 0.03626506175908122 0.0
0.7070909880296538 0.036001646119691054 0.0
0.7095885554101613 0.035736744252830056 0.0
0.7120863750558903 0.03547036906853205 0.0
0.714584440498981 0.0352025336642965 0.0
0.7170827453830833 0.034933251326191316 0.0
0.7195812834623885 0.034662535529955504 0.0
0.7220800486006591 0.03439039994210195 0.0
0.7245790347702592 0.034116858421020094 0.0
0.7270782360511856 0.033841925018078714 0.0
0.7295776466300965 0.03356561397872859 0.0
0.7320772607993434 0.033287939743605284 0.0
0.7345770729560007 0.0330089169496318 0.0
0.7370770776008964 0.03272856043112142 0.0
0.7395772693376419 0.03244688522088029 0.0
0.7420776428716627 0.03216390655131024 0.0
0.7445781930092289 0.03187963985551149 0.0
0.7470789146564853 0.03159410076838538 0.0
0.7495798028184817 0.03130730512773705 0.0
0.7520808525982039 0.03101926897537826 0.0
0.7545820591956025 0.030730008558229986 0.0
0.7570834179066248 0.03043954032942527 0.0
0.759584924122245 0.03014788094941187 0.0
0.7620865733274931 0.029855047287055018 0.0
0.7645883611004869 0.029561056420740108 0.0
0.7670902831114621 0.02926592563947551 0.0
0.7695923351218011 0.02896967244399515 0.0
0.7720945129830654 0.028672314547861382 0.0
0.7745968126360248 0.02837386987856764 0.0
0.7770992301096878 0.028074356578641168 0.0
0.7796017615203321 0.027773793006745734 0.0
0.7821044030705354 0.027472197738784416 0.0
0.7846071510482047 0.027169589569002246 0.0
0.7871100018256076 0.026865987511089 0.0
0.7896129518584021 0.026561410799281884 0.0
0.792115997684667 0.026255878889468287 0.0
0.794619135923933 0.025949411460288476 0.0
0.7971223632762119 0.025642028414238367 0.0
0.799625676521027 0.02533374987877219 0.0
0.8021290725164448 0.025024596207405273 0.0
0.8046325481981043 0.024714587980816743 0.0
0.807136100578246 0.024403746007952212 0.0
0.8096397267447465 0.024092091327126603 0.0
0.8121434238601435 0.02377964520712676 0.0
0.8146471891606698 0.023466429148314254 0.0
0.8171510199552823 0.023152464883728067 0.0
0.8196549136246929 0.022837774380187352 0.0
0.8221588676203984 0.02252237983939413 0.0
0.8246628794637103 0.022206303699036017 0.0
0.827166946744787 0.021889568633888957 0.0
0.8296710671216619 0.02157219755691996 0.0
0.8321752383192755 0.021254213620389806 0.0
0.8346794581285049 0.020935640216955785 0.0
0.8371837244051937 0.020616500980774412 0.0
0.8396880350691837 0.020296819788604155 0.0
0.842192388103344 0.0199766207609082 0.0
0.8446967815526016 0.019655928262957055 0.0
0.8472012135229727 0.01933476690593145 0.0
0.849705682180592 0.01901316154802492 0.0
0.8522101857507427 0.01869113729554661 0.0
0.8547147225168881 0.018368719504023967 0.0
0.8572192908197012 0.01804593377930546 0.0
0.8597238890560954 0.017722805978663343 0.0
0.8622285156782539 0.017399362211896325 0.0
0.8647331691926614 0.017075628842432355 0.0
0.8672378481591333 0.0167516324884313 0.0
0.8697425511898471 0.0164274000238877 0.0
0.8722472769483718 0.016102958579733477 0.0
0.8747520241486987 0.015778335544940673 0.0
0.8772567915542713 0.015453558567624162 0.0
0.8797615779770165 0.015128655556144384 0.0
0.8822663822763741 0.014803654680210075 0.0
0.8847712033583277 0.014478584371980975 0.0
0.8872760401744346 0.014153473327170582 0.0
0.889780891720857 0.013828350506148848 0.0
0.8922857570373905 0.01350324513504492 0.0
0.8947906352064968 0.013178186706849873 0.0
0.8972955253523323 0.012853204982519404 0.0
0.899800426639779 0.012528329992076603 0.0
0.9023053382734751 0.012203592035714637 0.0
0.9048102594968453 0.011879021684899505 0.0
0.9073151895911304 0.011554649783472745 0.0
0.9098201278744189 0.01123050744875417 0.0
0.9123250737006757 0.010906626072644587 0.0
0.9148300264587743 0.010583037322728524 0.0
0.9173349855715257 0.010259773143376965 0.0
0.9198399504947095 0.009936865756850058 0.0
0.9223449207161041 0.009614347664399862 0.0
0.9248498957545161 0.009292251647373044 0.0
0.927354875158813 0.008970610768313634 0.0
0.9298598585069507 0.008649458372065735 0.0
0.932364845405006 0.008328828086876251 0.0
0.9348698354862056 0.008008753825497612 0.0
0.9373748284099573 0.007689269786290501 0.0
0.93987982386088 0.00737041045432658 0.0
0.9423848215478334 0.007052210602491212 0.0
0.9448898212029501 0.006734705292586193 0.0
0.947394822580664 0.00641792987643247 0.0
0.9498998254567417 0.006101919996972871 0.0
0.9524048296273124 0.005786711589374831 0.0
0.954909834907899 0.005472340882133118 0.0
0.9574148411324479 0.005158844398172554 0.0
0.9599198481523583 0.004846258955950741 0.0
0.962424855835515 0.004534621670560797 0.0
0.9649298640653161 0.004223969954834066 0.0
0.9674348727397055 0.003914341520442855 0.0
0.9699398817702015 0.0036057743790031704 0.0
0.9724448910809285 0.00329830684317738 0.0
0.9749499006076474 0.0029919775277770402 0.0
0.9774549102967836 0.002686825350865545 0.0
0.9799599201044605 0.002382889534860881 0.0
0.9824649299955279 0.002080209607638345 0.0
0.9849699399425931 0.0017788254036332745 0.0
0.987474949925051 0.0014787770649437673 0.0
0.989979959928114 0.0011801050424334113 0.0
0.9924849699418432 0.0008828500968340096 0.0
0.9949899799601782 0.0005870532998483051 0.0
0.9974949899799679 0.00029275603525270736 0.0
1.0 0.0 0.0
0.0 0.0 0.0
1.0020019991919838e-05 -0.0004855734880200381 0.0
3.999983974464513e-05 -0.0009709046143714568 0.0
8.981946094539023e-05 -0.0014559723753368246 0.0
0.00015935936720133095 -0.0019407557232972497 0.0
0.0002485005230699463 -0.002425233568047082 0.0
0.0003571243730893613 -0.0029093847781086124 0.0
0.0004851128408086882 -0.0033931881820467693 0.0
0.0006323483278183695 -0.0038766225697838257 0.0
0.0007987137127805191 -0.004359666693914088 0.0
0.0009840923504592662 -0.004842299271018607 0.0
0.0011883680707510948 -0.005324498982979866 0.0
0.0014114251777151878 -0.005806244478296494 0.0
0.0016531484486037701 -0.006287514373397954 0.0
0.0019134231328924464 -0.006768287253959246 0.0
0.0021921349513105482 -0.007248541676215609 0.0
0.0024891700948714733 -0.0077282561682772205 0.0
0.0028044152239030283 -0.008207409231443885 0.0
0.0031377574670777703 -0.008685979341519755 0.0
0.003489084420443353 -0.009163944950128015 0.0
0.0038582841464528624 -0.009641284486025588 0.0
0.00424524517299516 -0.010117976356417816 0.0
0.004649856492425233 -0.010593998948273203 0.0
0.005072007560594526 -0.01106933062963807 0.0
0.005511588295881288 -0.011543949750951264 0.0
0.005968489078220919 -0.012017834646358895 0.0
0.006442600748136295 -0.012490963635028968 0.0
0.006933814605768137 -0.01296331502246616 0.0
0.007442022409905326 -0.013434867101826448 0.0
0.00796711637701527 -0.013905598155231859 0.0
0.008508989180274219 -0.014375486455085148 0.0
0.009067533948597637 -0.014844510265384506 0.0
0.009642644265670517 -0.015312647843038249 0.0
0.01023421416897774 -0.01577987743917953 0.0
0.01084213814883442 -0.016246177300481023 0.0
0.011466311147416223 -0.016711525670469643 0.0
0.012106628557789724 -0.017175900790841223 0.0
0.012762986222942778 -0.017639280902775233 0.0
0.013435280434814794 -0.018101644248249484 0.0
0.014123407933327151 -0.018562969071354796 0.0
0.014827265905413483 -0.01902323361960972 0.0
0.015546751984050058 -0.01948241614527525 0.0
0.016281764247286085 -0.019940494906669482 0.0
0.017032201217274112 -0.020397448169482385 0.0
0.01779796185930031 -0.020853254208090397 0.0
0.01857894558081484 -0.02130789130687123 0.0
0.01937505223046219 -0.021761337761518493 0.0
0.020186182097111545 -0.02221357188035644 0.0
0.021012235908887074 -0.02266457198565463 0.0
0.021853114832198327 -0.02311431641494267 0.0
0.02270872047077054 -0.02356278352232488 0.0
0.023578954864674984 -0.024009951679795017 0.0
0.02446372048935934 -0.024455799278550936 0.0
0.025362920254677988 -0.024900304730309332 0.0
0.02627645750392239 -0.02534344646862044 0.0
0.027204236012851404 -0.025785202950182676 0.0
0.028146159988721667 -0.026225552656157433 0.0
0.029102134069317886 -0.02666447409348368 0.0
0.03007206332198321 -0.027101945796192732 0.0
0.031055853242649565 -0.02753794632672292 0.0
0.03205340975486801 -0.0279724542772343 0.0
0.03306463920883905 -0.028405448270923346 0.0
0.03408944838044301 -0.02883690696333764 0.0
0.035127744470270346 -0.029266809043690608 0.0
0.036179435102652015 -0.02969513323617619 0.0
0.0372444283246898 -0.030121858301283527 0.0
0.03832263260528667 -0.0305469630371117 0.0
0.039413956834177095 -0.030970426280684412 0.0
0.04051831032095739 -0.031392226909264666 0.0
0.0416356027941161 -0.031812343841669484 0.0
0.0427657444000643 -0.032230756039584633 0.0
0.04390864570216592 -0.03264744250887925 0.0
0.04506421767976821 -0.033062382300920665 0.0
0.04623237172723183 -0.03347555451388893 0.0
0.04741301965296155 -0.0338869382940917 0.0
0.04860607367843617 -0.03429651283727877 0.0
0.049811446437239296 -0.03470425738995694 0.0
0.051029050974089295 -0.035110151250704505 0.0
0.05225880074386996 -0.03551417377148622 0.0
0.0535006096106606 -0.03591630435896771 0.0
0.05475439184676656 -0.03631652247583045 0.0
0.05602006213174937 -0.036714807642086206 0.0
0.0572975355514574 -0.03711113943639196 0.0
0.0585867275970558 -0.03750549749736442 0.0
0.05988755416405725 -0.03789786152489488 0.0
0.06119993155135195 -0.03828821128146381 0.0
0.06252377646023818 -0.03867652659345559 0.0
0.0638590059934526 -0.039062787352473226 0.0
0.06520553765420048 -0.03944697351665304 0.0
0.06656328934518625 -0.03982906511197934 0.0
0.06793217936764369 -0.04020904223359916 0.0
0.0693121264203662 -0.040586885047136964 0.0
0.07070304959873741 -0.04096257379000929 0.0
0.07210486839376125 -0.0413360887727395 0.0
0.07351750269109245 -0.04170741038027249 0.0
0.07494087277006682 -0.04207651907328931 0.0
0.07637489930273157 -0.04244339538952197 0.0
0.07781950335287582 -0.04280801994506811 0.0
0.07927460637506066 -0.043170373435705574 0.0
0.08074013021364973 -0.043530436638207326 0.0
0.08221599710183942 -0.043888190411655974 0.0
0.08370212966068934 -0.044243615698758544 0.0
0.08519845089815249 -0.04459669352716119 0.0
0.08670488420810586 -0.044947405010763844 0.0
0.0882213533693804 -0.04529573135103496 0.0
0.08974778254479177 -0.04564165383832619 0.0
0.09128409628017038 -0.04598515385318711 0.0
0.09283021950339189 -0.04632621286767989 0.0
0.09438607752340746 -0.04666481244669399 0.0
0.09595159602927417 -0.04700093424926087 0.0
0.09752670108918535 -0.047334560029868744 0.0
0.09911131914950079 -0.047665671639777175 0.0
0.10070537703377734 -0.047994251028331866 0.0
0.102308801941799 -0.048320280244279284 0.0
0.10392152144860742 -0.048643741437081445 0.0
0.10554346350353214 -0.04896461685823055 0.0
0.10717455642922101 -0.049282888862563635 0.0
0.10881472892067048 -0.049598539909577466 0.0
0.110463910044256 -0.04991155256474302 0.0
0.1121220292367623 -0.05022190950082029 0.0
0.11378901630441376 -0.050529593499172985 0.0
0.11546480142190477 -0.05083458745108319 0.0
0.11714931513143 -0.05113687435906614 0.0
0.11884248834171492 -0.051436437338184815 0.0
0.12054425232704585 -0.05173325961736467 0.0
0.1222545387263006 -0.05202732454070849 0.0
0.12397327954197854 -0.05231861556881078 0.0
0.12570040713923133 -0.05260711628007282 0.0
0.12743585424489265 -0.05289281037201703 0.0
0.1291795539465093 -0.05317568166260194 0.0
0.13093143969137086 -0.0534557140915367 0.0
0.13269144528554055 -0.053732891721595975 0.0
0.13445950489288502 -0.05400719873993432 0.0
0.13623555303410548 -0.05427861945940132 0.0
0.13801952458576705 -0.05454713831985586 0.0
0.1398113547793301 -0.05481273988948118 0.0
0.14161097920017973 -0.05507540886609926 0.0
0.14341833378665692 -0.055335130078485846 0.0
0.14523335482908806 -0.055591888487684794 0.0
0.147055978968816 -0.055845669188323135 0.0
0.14888614319722973 -0.05609645740992542 0.0
0.15072378485479543 -0.056344238518228736 0.0
0.15256884163008633 -0.05658899801649719 0.0
0.15442125155881314 -0.05683072154683669 0.0
0.15628095302285436 -0.05706939489150964 0.0
0.1581478847492869 -0.057305003974249646 0.0
0.16002198580941598 -0.057537534861576194 0.0
0.16190319561780592 -0.057766973764109365 0.0
0.1637914539313101 -0.05799330703788454 0.0
0.1656867008481015 -0.05821652118566705 0.0
0.16758887680670312 -0.05843660285826697 0.0
0.1694979225850181 -0.05865353885585371 0.0
0.17141377929936033 -0.05886731612927086 0.0
0.1733363884034844 -0.0590779217813507 0.0
0.17526569168761633 -0.059285343068229024 0.0
0.17720163127748373 -0.059489567400659846 0.0
0.1791441496333462 -0.05969058234533003 0.0
0.18109318954902578 -0.05988837562617409 0.0
0.1830486941509368 -0.06008293512568875 0.0
0.1850106068971169 -0.06027424888624776 0.0
0.18697887157625692 -0.06046230511141652 0.0
0.18895343230673142 -0.06064709216726691 0.0
0.1909342335356289 -0.060828598583691794 0.0
0.19292122003778236 -0.06100681305571986 0.0
0.19491433691479948 -0.061181724444830284 0.0
0.19691352959409275 -0.061353321780267436 0.0
0.19891874382791033 -0.06152159426035553 0.0
0.20092992569236598 -0.0616865312538134 0.0
0.20294702158646968 -0.06184812230106922 0.0
0.20496997823115745 -0.06200635711557496 0.0
0.20699874266832263 -0.06216122558512152 0.0
0.20903326225984498 -0.06231271777315296 0.0
0.2110734846866224 -0.06246082392008161 0.0
0.21311935794759992 -0.06260553444460239 0.0
0.2151708303588013 -0.0627468399450079 0.0
0.21722785055235816 -0.06288473120050274 0.0
0.21929036747554154 -0.06301919917251858 0.0
0.22135833038979105 -0.06315023500602841 0.0
0.22343168886974638 -0.06327783003086186 0.0
0.22551039280227642 -0.06340197576301913 0.0
0.22759439238551085 -0.06352266390598649 0.0
0.2296836381278692 -0.06363988635205024 0.0
0.2317780808470927 -0.06375363518361206 0.0
0.23387767166927287 -0.06386390267450316 0.0
0.2359823620278837 -0.06397068129129944 0.0
0.2380921036628101 -0.06407396369463579 0.0
0.24020684861938005 -0.06417374274052114 0.0
0.24232654924739355 -0.06427001148165283 0.0
0.24445115820015398 -0.06436276316873168 0.0
0.2465806284334973 -0.06445199125177627 0.0
0.24871491320482392 -0.06453768938143804 0.0
0.25085396607212734 -0.06461985141031565 0.0
0.252997740893026 -0.06469847139427 0.0
0.2551461918237928 -0.06477354359373862 0.0
0.2572992733183852 -0.06484506247505056 0.0
0.25945694012747655 -0.06491302271174108 0.0
0.26161914729748553 -0.06497741918586629 0.0
0.26378585016960676 -0.06503824698931786 0.0
0.2659570043788415 -0.06509550142513773 0.0
0.2681325658530274 -0.06514917800883287 0.0
0.2703124908118691 -0.06519927246968983 0.0
0.2724967357659689 -0.06524578075208962 0.0
0.2746852575158565 -0.06528869901682229 0.0
0.27687801315101984 -0.0653280236424016 0.0
0.27907496004893506 -0.06536375122637987 0.0
0.28127605587409743 -0.06539587858666258 0.0
0.28348125857705064 -0.06542440276282302 0.0
0.28569052639341846 -0.0654493210174171 0.0
0.28790381784293395 -0.065470630837298 0.0
0.2901210917284705 -0.06548832993493084 0.0
0.2923423071350718 -0.0655024162497074 0.0
0.2945674234289825 -0.06551288794926091 0.0
0.2967964002566783 -0.06551974343078058 0.0
0.29902919754389623 -0.06552298132232641 0.0
0.3012657754946653 -0.06552260048414386 0.0
0.3035060945903365 -0.06551860000997864 0.0
0.30575011558861365 -0.06551097922839119 0.0
0.3079977995225829 -0.06549973770407165 0.0
0.31024910769974395 -0.06548487523915429 0.0
0.3125040017010402 -0.06546639187453251 0.0
0.3147624433798881 -0.06544428789117315 0.0
0.3170243948612094 -0.06541856381143171 0.0
0.3192898185404594 -0.06538922040036645 0.0
0.32155867708265906 -0.06535625866705368 0.0
0.3238309334214238 -0.06531967986590184 0.0
0.3261065507579956 -0.06527948549796694 0.0
0.3283854925602713 -0.06523567731226648 0.0
0.33066772256183485 -0.0651882573070948 0.0
0.33295320476098605 -0.06513722773133723 0.0
0.33524190341977256 -0.0650825910857854 0.0
0.33753378306301823 -0.06502435012445125 0.0
0.33982880847735575 -0.06496250785588241 0.0
0.34212694471025445 -0.06489706754447623 0.0
0.34442815706905316 -0.0648280327117952 0.0
0.3467324111199884 -0.06475540713788089 0.0
0.3490396726872267 -0.06467919486256937 0.0
0.35134990785189263 -0.06459940018680525 0.0
0.35366308295110194 -0.06451602767395705 0.0
0.3559791645769889 -0.06442908215113116 0.0
0.3582981195757396 -0.06433856871048732 0.0
0.36061991504661933 -0.06424449271055253 0.0
0.362944518341006 -0.0641468597775366 0.0
0.3652718970614173 -0.0640456758066459 0.0
0.36760201906054424 -0.06394094696339904 0.0
0.3699348524402783 -0.06383267968494072 0.0
0.37227036555074483 -0.06372088068135694 0.0
0.3746085269893311 -0.06360555693698959 0.0
0.3769493055997178 -0.06348671571175107 0.0
0.37929267047090853 -0.06336436454243902 0.0
0.3816385909362615 -0.06323851124405108 0.0
0.3839870365725185 -0.06310916391109953 0.0
0.38633797719883584 -0.06297633091892596 0.0
0.3886913828758148 -0.06284002092501606 0.0
0.3910472239045317 -0.0627002428703143 0.0
0.3934054708255685 -0.06255700598053852 0.0
0.39576609441804256 -0.062410319767494796 0.0
0.3981290656986381 -0.06226019403039202 0.0
0.4004943559206353 -0.06210663885715661 0.0
0.40286193657294134 -0.061949664625747275 0.0
0.4052317793791208 -0.06178928200546969 0.0
0.4076038562964256 -0.061625501958291126 0.0
0.40997813951482576 -0.06145833574015525 0.0
0.41235460145603897 -0.06128779490229677 0.0
0.4147332147725624 -0.061113891292556094 0.0
0.4171139523467015 -0.060936637056694186 0.0
0.4194967872896011 -0.06075604463970707 0.0
0.42188169294027555 -0.06057212678714064 0.0
0.4242686428646392 -0.06038489654640537 0.0
0.4266576108545371 -0.060194367268090944 0.0
0.42904857092677423 -0.060000552607281 0.0
0.4314414973221468 -0.05980346652486787 0.0
0.43383636450447255 -0.059603123288867146 0.0
0.4362331471596209 -0.05939953747573255 0.0
0.4386318201945428 -0.059192723971670504 0.0
0.44103235873630176 -0.0589826979739549 0.0
0.4434347381311042 -0.05876947499224178 0.0
0.44583893394332946 -0.058553070849884 0.0
0.4482449219545599 -0.05833350168524597 0.0
0.4506526781626121 -0.05811078395301839 0.0
0.4530621787805663 -0.05788493442553282 0.0
0.4554734002357973 -0.05765597019407657 0.0
0.4578863191690046 -0.057423908670207184 0.0
0.4603009124332426 -0.05718876758706737 0.0
0.4627171570929517 -0.05695056500069946 0.0
0.4651350304229873 -0.056709319291360284 0.0
0.46755450990765146 -0.05646504916483582 0.0
0.4699755732397224 -0.05621777365375591 0.0
0.47239819831948504 -0.05596751211890886 0.0
0.4748223632537618 -0.05571428425055631 0.0
0.4772480463549422 -0.055458110069747754 0.0
0.4796752261400139 -0.055199009929635404 0.0
0.48210388132959225 -0.05493700451678878 0.0
0.4845339908469515 -0.05467211485250941 0.0
0.4869655338170548 -0.054404362294145636 0.0
0.48939848956558407 -0.05413376853640715 0.0
0.4918328376179711 -0.053860355612679836 0.0
0.49426855769842726 -0.05358414589634046 0.0
0.4967056297289744 -0.053305162102071216 0.0
0.4991440338284747 -0.05302342728717462 0.0
0.5015837503116614 -0.052738964852888114 0.0
0.504024759688169 -0.05245179854569874 0.0
0.5064670426615634 -0.052161952458657915 0.0
0.5089105801283723 -0.051869451032696086 0.0
0.5113553531771162 -0.05157431905793742 0.0
0.5138013430873376 -0.05127658167501453 0.0
0.5162485313286322 -0.050976264376383175 0.0
0.518696899559679 -0.05067339300763693 0.0
0.521146429627271 -0.050367993768821916 0.0
0.523597103565344 -0.050060093215751465 0.0
0.5260489035940096 -0.0497497182613209 0.0
0.5285018121185827 -0.0494368961768221 0.0
0.5309558117286144 -0.049121654593258374 0.0
0.5334108851969203 -0.04880402150265896 0.0
0.535867015478612 -0.0484840252593939 0.0
0.5383241857101271 -0.04816169458148865 0.0
0.5407823792082592 -0.047837058551938774 0.0
0.5432415794691896 -0.04751014662002471 0.0
0.5457017701675153 -0.047180988602626414 0.0
0.5481629351552819 -0.04684961468553803 0.0
0.5506250584610121 -0.04651605542478268 0.0
0.5530881242887364 -0.04618034174792712 0.0
0.5555521170170244 -0.045842504955396414 0.0
0.5580170211980144 -0.045502576721788646 0.0
0.5604828215564431 -0.04516058909718965 0.0
0.5629495029886775 -0.0448165745084877 0.0
0.5654170505617437 -0.044470565760688155 0.0
0.5678854495123584 -0.04412259603822825 0.0
0.5703546852459584 -0.04377269890629172 0.0
0.5728247433357317 -0.04342090831212353 0.0
0.5752956095216472 -0.04306725858634459 0.0
0.5777672697094851 -0.042711784444266404 0.0
0.580239709969868 -0.042354520987205824 0.0
0.5827129165372903 -0.04199550370379973 0.0
0.5851868758091487 -0.04163476847131977 0.0
0.5876615743447737 -0.041272351556986886 0.0
0.5901369988644578 -0.04090828961928628 0.0
0.5926131362484877 -0.040542619709281906 0.0
0.5950899735361738 -0.040175379271931294 0.0
0.5975674979248813 -0.03980660614740015 0.0
0.6000456967690591 -0.03943633857237711 0.0
0.6025245575792714 -0.039064615181388485 0.0
0.6050040680212279 -0.038691475008112826 0.0
0.6074842159148134 -0.03831695748669577 0.0
0.6099649892331191 -0.03794110245306467 0.0
0.6124463761014725 -0.03756395014624326 0.0
0.6149283647964673 -0.037185541209666446 0.0
0.6174109437449946 -0.03680591669249492 0.0
0.6198941015232721 -0.036425118050929906 0.0
0.6223778268558762 -0.03604318714952784 0.0
0.6248621086147708 -0.03566016626251512 0.0
0.6273469358183377 -0.03527609807510271 0.0
0.629832297630408 -0.0348910256848009 0.0
0.6323181833592919 -0.03450499260273404 0.0
0.6348045824568083 -0.03411804275495517 0.0
0.6372914845173162 -0.03373022048376073 0.0
0.6397788792767448 -0.03334157054900531 0.0
0.6422667566116234 -0.03295213812941631 0.0
0.6447551065381123 -0.032561968823908646 0.0
0.6472439192110325 -0.03217110865289945 0.0
0.6497331849228969 -0.03177960405962275 0.0
0.6522228941029399 -0.03138750191144424 0.0
0.6547130373161476 -0.030994849501175877 0.0
0.6572036052622896 -0.030601694548390655 0.0
0.6596945887749471 -0.030208085200737294 0.0
0.6621859788205452 -0.029814070035254908 0.0
0.6646777664973822 -0.02941969805968776 0.0
0.6671699430346603 -0.029025018713799887 0.0
0.6696624997915158 -0.028630081870689855 0.0
0.6721554282560496 -0.02823493783810544 0.0
0.674648720044357 -0.027839637359758366 0.0
0.6771423668995593 -0.027444231616638913 0.0
0.6796363606908323 -0.027048772228330693 0.0
0.6821306934124386 -0.026653311254325355 0.0
0.6846253571827565 -0.02625790119533724 0.0
0.6871203442433111 -0.02586259499461811 0.0
0.6896156469578042 -0.025467446039271816 0.0
0.6921112578111448 -0.025072508161569043 0.0
0.6946071694084797 -0.02467783564026196 0.0
0.6971033744742232 -0.024283483201898985 0.0
0.6995998658510885 -0.02388950602213941 0.0
0.7020966364991168 -0.02349595972706817 0.0
0.7045936794947087 -0.023102900394510465 0.0
0.7070909880296538 -0.02271038455534654 0.0
0.7095885554101613 -0.022318469194826336 0.0
0.7120863750558903 -0.021927211753884214 0.0
0.714584440498981 -0.021536670130453597 0.0
0.7170827453830833 -0.021146902680781766 0.0
0.7195812834623885 -0.020757968220744497 0.0
0.7220800486006591 -0.020369926027160763 0.0
0.7245790347702592 -0.019982835839107437 0.0
0.7270782360511856 -0.01959675785923403 0.0
0.7295776466300965 -0.019211752755077315 0.0
0.7320772607993434 -0.018827881660376092 0.0
0.7345770729560007 -0.01844520617638587 0.0
0.7370770776008964 -0.01806378837319356 0.0
0.7395772693376419 -0.01768369079103217 0.0
0.7420776428716627 -0.017304976441595517 0.0
0.7445781930092289 -0.01692770880935292 0.0
0.7470789146564853 -0.016551951852863903 0.0
0.7495798028184817 -0.01617777000609288 0.0
0.7520808525982039 -0.015805228179723893 0.0
0.7545820591956025 -0.015434391762475255 0.0
0.7570834179066248 -0.015065326622414301 0.0
0.759584924122245 -0.014698099108272066 0.0
0.7620865733274931 -0.014332776050757987 0.0
0.7645883611004869 -0.013969424763874574 0.0
0.7670902831114621 -0.013608113046232193 0.0
0.7695923351218011 -0.013248909182363648 0.0
0.7720945129830654 -0.01289188194403898 0.0
0.7745968126360248 -0.012537100591580122 0.0
0.7770992301096878 -0.012184634875175605 0.0
0.7796017615203321 -0.011834555036195247 0.0
0.7821044030705354 -0.011486931808504892 0.0
0.7846071510482047 -0.011141836419781049 0.0
0.7871100018256076 -0.010799340592825637 0.0
0.7896129518584021 -0.010459516546880689 0.0
0.792115997684667 -0.010122436998943003 0.0
0.794619135923933 -0.009788175165078898 0.0
0.7971223632762119 -0.009456804761738883 0.0
0.799625676521027 -0.009128400007072353 0.0
0.8021290725164448 -0.00880303562224231 0.0
0.8046325481981043 -0.008480786832740051 0.0
0.807136100578246 -0.008161729369699852 0.0
0.8096397267447465 -0.007845939471213701 0.0
0.8121434238601435 -0.007533493883645974 0.0
0.8146471891606698 -0.0072244698629481355 0.0
0.8171510199552823 -0.006918945175973449 0.0
0.8196549136246929 -0.006616998101791669 0.0
0.8221588676203984 -0.006318707433003736 0.0
0.8246628794637103 -0.006024152477056498 0.0
0.827166946744787 -0.005733413057557381 0.0
0.8296710671216619 -0.005446569515589108 0.0
0.8321752383192755 -0.00516370271102439 0.0
0.8346794581285049 -0.004884894023840631 0.0
0.8371837244051937 -0.004610225355434623 0.0
0.8396880350691837 -0.004339779129937255 0.0
0.842192388103344 -0.004073638295528206 0.0
0.8446967815526016 -0.0038118863257506196 0.0
0.8472012135229727 -0.0035546072208258554 0.0
0.849705682180592 -0.003301885508968155 0.0
0.8522101857507427 -0.0030538062476993455 0.0
0.8547147225168881 -0.002810455025163544 0.0
0.8572192908197012 -0.002571917961441856 0.0
0.8597238890560954 -0.0023382817098670673 0.0
0.8622285156782539 -0.0021096334583383587 0.0
0.8647331691926614 -0.0018860609306359962 0.0
0.8672378481591333 -0.0016676523877360244 0.0
0.8697425511898471 -0.0014544966291249837 0.0
0.8722472769483718 -0.0012466829941145915 0.0
0.8747520241486987 -0.0010443013631564585 0.0
0.8772567915542713 -0.0008474421591567708 0.0
0.8797615779770165 -0.0006561963487910066 0.0
0.8822663822763741 -0.0004706554438186246 0.0
0.8847712033583277 -0.0002909115023977681 0.0
0.8872760401744346 -0.00011705713039996164 0.0
0.889780891720857 5.0814517275184e-05 0.0
0.8922857570373905 0.00021260973538527855 0.0
0.8947906352064968 0.00036823426703044517 0.0
0.8972955253523323 0.0005175933023386329 0.0
0.899800426639779 0.0006605914771509003 0.0
0.9023053382734751 0.0007971328717067298 0.0
0.9048102594968453 0.0009271210093293227 0.0
0.9073151895911304 0.0010504588551108985 0.0
0.9098201278744189 0.0011670488145979975 0.0
0.9123250737006757 0.0012767927324767803 0.0
0.9148300264587743 0.0013795918912583279 0.0
0.9173349855715257 0.001475347009963941 0.0
0.9198399504947095 0.0015639582428104422 0.0
0.9223449207161041 0.0016453251778954783 0.0
0.9248498957545161 0.0017193468358828125 0.0
0.927354875158813 0.0017859216686876372 0.0
0.9298598585069507 0.0018449475581618622 0.0
0.932364845405006 0.0018963218147794215 0.0
0.9348698354862056 0.001939941176321574 0.0
0.9373748284099573 0.0019757018065622023 0.0
0.93987982386088 0.0020034992939531103 0.0
0.9423848215478334 0.0020232286503093283 0.0
0.9448898212029501 0.002034784309494413 0.0
0.947394822580664 0.0020380601261057426 0.0
0.9498998254567417 0.0020329493741598243 0.0
0.9524048296273124 0.0020193447457775874 0.0
0.954909834907899 0.0019971383498696917 0.0
0.9574148411324479 0.00196622171082182 0.0
0.9599198481523583 0.0019264857671799833 0.0
0.962424855835515 0.0018778208703358207 0.0
0.9649298640653161 0.0018201167832118978 0.0
0.9674348727397055 0.0017532626789470071 0.0
0.9699398817702015 0.0016771471395814763 0.0
0.9724448910809285 0.0015916581547424464 0.0
0.9749499006076474 0.0014966831203292034 0.0
0.9774549102967836 0.0013921088371984535 0.0
0.9799599201044605 0.0012778215098496377 0.0
0.9824649299955279 0.0011537067451102229 0.0
0.9849699399425931 0.001019649550821009 0.0
0.987474949925051 0.0008755343345214263 0.0
0.989979959928114 0.0007212449021348347 0.0
0.9924849699418432 0.0005566644566538272 0.0
0.9949899799601782 0.0003816755968255278 0.0
0.9974949899799679 0.00019616031583689287 0.0
1.0 0.0 0.0
