500 2
0.0 0.0 0.0
1.0020019991919838e-05 0.0005190047894117285 0.0
3.999983974464513e-05 0.0010338174085222948 0.0
8.981946094539023e-05 0.0015444783162285318 0.0
0.00015935936720133095 0.0020510276069084727 0.0
0.0002485005230699463 0.0025535050118440125 0.0
0.0003571243730893613 0.0030519499006435836 0.0
0.0004851128408086882 0.0035464012826648132 0.0
0.0006323483278183695 0.004036897808437198 0.0
0.0007987137127805191 0.00452347777108476 0.0
0.0009840923504592662 0.005006179107748728 0.0
0.0011883680707510948 0.005485039401010189 0.0
0.0014114251777151878 0.005960095880312773 0.0
0.0016531484486037701 0.006431385423385297 0.0
0.0019134231328924464 0.006898944557664449 0.0
0.0021921349513105482 0.007362809461717451 0.0
0.0024891700948714733 0.007823015966664723 0.0
0.0028044152239030283 0.008279599557602546 0.0
0.0031377574670777703 0.008732595375025735 0.0
0.003489084420443353 0.009182038216250316 0.0
0.0038582841464528624 0.009627962536836163 0.0
0.00424524517299516 0.01007040245200969 0.0
0.004649856492425233 0.010509391738086514 0.0
0.005072007560594526 0.010944963833894112 0.0
0.005511588295881288 0.011377151842194497 0.0
0.005968489078220919 0.011805988531106882 0.0
0.006442600748136295 0.012231506335530327 0.0
0.006933814605768137 0.01265373735856647 0.0
0.007442022409905326 0.013072713372942088 0.0
0.00796711637701527 0.013488465822431872 0.0
0.008508989180274219 0.013901025823281028 0.0
0.009067533948597637 0.014310424165627951 0.0
0.009642644265670517 0.014716691314926929 0.0
0.01023421416897774 0.01511985741337074 0.0
0.01084213814883442 0.015519952281313415 0.0
0.011466311147416223 0.0159170054186928 0.0
0.012106628557789724 0.01631104600645331 0.0
0.012762986222942778 0.01670210290796854 0.0
0.013435280434814794 0.017090204670463956 0.0
0.014123407933327151 0.017475379526439565 0.0
0.014827265905413483 0.01785765539509256 0.0
0.015546751984050058 0.01823705988374 0.0
0.016281764247286085 0.018613620289241482 0.0
0.017032201217274112 0.018987363599421807 0.0
0.01779796185930031 0.019358316494493637 0.0
0.01857894558081484 0.019726505348480174 0.0
0.01937505223046219 0.020091956230637795 0.0
0.020186182097111545 0.020454694906878765 0.0
0.021012235908887074 0.02081474684119388 0.0
0.021853114832198327 0.021172137197075138 0.0
0.02270872047077054 0.021526890838938387 0.0
0.023578954864674984 0.021879032333546024 0.0
0.02446372048935934 0.022228585951429642 0.0
0.025362920254677988 0.022575575668312687 0.0
0.02627645750392239 0.022920025166533155 0.0
0.027204236012851404 0.023261957836466233 0.0
0.028146159988721667 0.02360139677794697 0.0
0.029102134069317886 0.02393836480169297 0.0
0.03007206332198321 0.024272884430727008 0.0
0.031055853242649565 0.024604977901799736 0.0
0.03205340975486801 0.024934667166812335 0.0
0.03306463920883905 0.02526197389423921 0.0
0.03408944838044301 0.025586919470550595 0.0
0.035127744470270346 0.025909525001635285 0.0
0.036179435102652015 0.026229811314223257 0.0
0.0372444283246898 0.026547798957308355 0.0
0.03832263260528667 0.026863508203570974 0.0
0.039413956834177095 0.027176959050800694 0.0
0.04051831032095739 0.027488171223318966 0.0
0.0416356027941161 0.027797164173401778 0.0
0.0427657444000643 0.028103957082702285 0.0
0.04390864570216592 0.028408568863673548 0.0
0.04506421767976821 0.02871101816099117 0.0
0.04623237172723183 0.02901132335297589 0.0
0.04741301965296155 0.029309502553016405 0.0
0.04860607367843617 0.029605573610991847 0.0
0.049811446437239296 0.029899554114694638 0.0
0.051029050974089295 0.03019146139125298 0.0
0.05225880074386996 0.030481312508553692 0.0
0.0535006096106606 0.030769124276664717 0.0
0.05475439184676656 0.03105491324925794 0.0
0.05602006213174937 0.03133869572503168 0.0
0.0572975355514574 0.031620487749133584 0.0
0.0585867275970558 0.03190030511458305 0.0
0.05988755416405725 0.03217816336369407 0.0
0.06119993155135195 0.03245407778949782 0.0
0.06252377646023818 0.03272806343716534 0.0
0.0638590059934526 0.03300013510543023 0.0
0.06520553765420048 0.033270307348011216 0.0
0.06656328934518625 0.03353859447503499 0.0
0.06793217936764369 0.033805010554458705 0.0
0.0693121264203662 0.03406956941349274 0.0
0.07070304959873741 0.03433228464002334 0.0
0.07210486839376125 0.03459316958403529 0.0
0.07351750269109245 0.03485223735903454 0.0
0.07494087277006682 0.03510950084347096 0.0
0.07637489930273157 0.0353649726821609 0.0
0.07781950335287582 0.03561866528770996 0.0
0.07927460637506066 0.03587059084193557 0.0
0.08074013021364973 0.03612076129728971 0.0
0.08221599710183942 0.03636918837828155 0.0
0.08370212966068934 0.03661588358290013 0.0
0.08519845089815249 0.036860858184037046 0.0
0.08670488420810586 0.03710412323090904 0.0
0.0882213533693804 0.037345689550480766 0.0
0.08974778254479177 0.03758556774888741 0.0
0.09128409628017038 0.03782376821285735 0.0
0.09283021950339189 0.0380603011111348 0.0
0.09438607752340746 0.038295176395902575 0.0
0.09595159602927417 0.03852840380420461 0.0
0.09752670108918535 0.038759992859368785 0.0
0.09911131914950079 0.03898995287242945 0.0
0.10070537703377734 0.039218292943550184 0.0
0.102308801941799 0.03944502196344645 0.0
0.10392152144860742 0.03967014861480819 0.0
0.10554346350353214 0.03989368137372261 0.0
0.10717455642922101 0.04011562851109674 0.0
0.10881472892067048 0.04033599809408015 0.0
0.110463910044256 0.040554797987487644 0.0
0.1121220292367623 0.040772035855221836 0.0
0.11378901630441376 0.0409877191616959 0.0
0.11546480142190477 0.04120185517325624 0.0
0.11714931513143 0.04141445095960508 0.0
0.11884248834171492 0.04162551339522323 0.0
0.12054425232704585 0.041835049160792594 0.0
0.1222545387263006 0.042043064744619114 0.0
0.12397327954197854 0.04224956644405508 0.0
0.12570040713923133 0.04245456036692214 0.0
0.12743585424489265 0.04265805243293368 0.0
0.1291795539465093 0.04286004837511773 0.0
0.13093143969137086 0.043060553741239425 0.0
0.13269144528554055 0.043259573895223884 0.0
0.13445950489288502 0.04345711401857858 0.0
0.13623555303410548 0.04365317911181641 0.0
0.13801952458576705 0.04384777399587791 0.0
0.1398113547793301 0.04404090331355435 0.0
0.14161097920017973 0.04423257153091005 0.0
0.14341833378665692 0.04442278293870532 0.0
0.14523335482908806 0.04461154165381887 0.0
0.147055978968816 0.04479885162067076 0.0
0.14888614319722973 0.044984716612644755 0.0
0.15072378485479543 0.04516914023351132 0.0
0.15256884163008633 0.04535212591884999 0.0
0.15442125155881314 0.04553367693747224 0.0
0.15628095302285436 0.04571379639284402 0.0
0.1581478847492869 0.04589248722450858 0.0
0.16002198580941598 0.0460697522095089 0.0
0.16190319561780592 0.046245593963810644 0.0
0.1637914539313101 0.04642001494372451 0.0
0.1656867008481015 0.04659301744732921 0.0
0.16758887680670312 0.04676460361589394 0.0
0.1694979225850181 0.046934775435301064 0.0
0.17141377929936033 0.047103534737468825 0.0
0.1733363884034844 0.04727088320177404 0.0
0.17526569168761633 0.04743682235647471 0.0
0.17720163127748373 0.04760135358013264 0.0
0.1791441496333462 0.04776447810303628 0.0
0.18109318954902578 0.0479261970086232 0.0
0.1830486941509368 0.04808651123490286 0.0
0.1850106068971169 0.04824542157587922 0.0
0.18697887157625692 0.04840292868297355 0.0
0.18895343230673142 0.04855903306644684 0.0
0.1909342335356289 0.04871373509682274 0.0
0.19292122003778236 0.04886703500630999 0.0
0.19491433691479948 0.04901893289022529 0.0
0.19691352959409275 0.049169428708415855 0.0
0.19891874382791033 0.04931852228668203 0.0
0.20092992569236598 0.04946621331820011 0.0
0.20294702158646968 0.04961250136494493 0.0
0.20496997823115745 0.04975738585911243 0.0
0.20699874266832263 0.04990086610454253 0.0
0.20903326225984498 0.05004294127814157 0.0
0.2110734846866224 0.05018361043130524 0.0
0.21311935794759992 0.05032287249134092 0.0
0.2151708303588013 0.05046072626289068 0.0
0.21722785055235816 0.05059717042935367 0.0
0.21929036747554154 0.050732203554309054 0.0
0.22135833038979105 0.05086582408293832 0.0
0.22343168886974638 0.05099803034344839 0.0
0.22551039280227642 0.05112882054849384 0.0
0.22759439238551085 0.05125819279659998 0.0
0.2296836381278692 0.05138614507358512 0.0
0.2317780808470927 0.05151267525398363 0.0
0.23387767166927287 0.051637781102468215 0.0
0.2359823620278837 0.05176146027527303 0.0
0.2380921036628101 0.051883710321615824 0.0
0.24020684861938005 0.052004528685121114 0.0
0.24232654924739355 0.052123912705242414 0.0
0.24445115820015398 0.052241859618685334 0.0
0.2465806284334973 0.05235836656082976 0.0
0.24871491320482392 0.052473430567153014 0.0
0.25085396607212734 0.05258704857465211 0.0
0.252997740893026 0.05269921742326675 0.0
0.2551461918237928 0.0528099338573017 0.0
0.2572992733183852 0.05291919452684963 0.0
0.25945694012747655 0.05302699598921384 0.0
0.26161914729748553 0.05313333471033068 0.0
0.26378585016960676 0.053238207066192485 0.0
0.2659570043788415 0.05334160934427009 0.0
0.2681325658530274 0.05344353774493551 0.0
0.2703124908118691 0.05354398838288462 0.0
0.2724967357659689 0.05364295728855989 0.0
0.2746852575158565 0.053740440409572925 0.0
0.27687801315101984 0.05383643361212725 0.0
0.27907496004893506 0.053930932682440855 0.0
0.28127605587409743 0.05402393332816902 0.0
0.28348125857705064 0.05411543117982685 0.0
0.28569052639341846 0.05420542179221195 0.0
0.28790381784293395 0.054293900645827196 0.0
0.2901210917284705 0.05438086314830328 0.0
0.2923423071350718 0.05446630463582144 0.0
0.2945674234289825 0.05455022037453612 0.0
0.2967964002566783 0.05463260556199764 0.0
0.29902919754389623 0.054713455328574835 0.0
0.3012657754946653 0.05479276473887775 0.0
0.3035060945903365 0.05487052879318032 0.0
0.30575011558861365 0.05494674242884298 0.0
0.3079977995225829 0.05502140052173539 0.0
0.31024910769974395 0.055094497887659036 0.0
0.3125040017010402 0.05516602928377007 0.0
0.3147624433798881 0.055235989410001594 0.0
0.3170243948612094 0.05530437291048688 0.0
0.3192898185404594 0.05537117437498146 0.0
0.32155867708265906 0.05543638834028632 0.0
0.3238309334214238 0.05550000929167006 0.0
0.3261065507579956 0.05556203166429208 0.0
0.3283854925602713 0.05562244984462469 0.0
0.33066772256183485 0.055681258171876365 0.0
0.33295320476098605 0.05573845093941384 0.0
0.33524190341977256 0.0557940223961853 0.0
0.33753378306301823 0.05584796674814261 0.0
0.33982880847735575 0.055900278159664286 0.0
0.34212694471025445 0.05595095075497794 0.0
0.34442815706905316 0.05599997861958321 0.0
0.3467324111199884 0.05604735580167405 0.0
0.3490396726872267 0.05609307631356185 0.0
0.35134990785189263 0.05613713413309764 0.0
0.35366308295110194 0.05617952320509523 0.0
0.3559791645769889 0.05622023744275338 0.0
0.3582981195757396 0.05625927072907896 0.0
0.36061991504661933 0.05629661691830912 0.0
0.362944518341006 0.056332269837334484 0.0
0.3652718970614173 0.05636622328712128 0.0
0.36760201906054424 0.05639847104413453 0.0
0.3699348524402783 0.05642900686176018 0.0
0.37227036555074483 0.05645782447172832 0.0
0.3746085269893311 0.05648491758553535 0.0
0.3769493055997178 0.056510279895867044 0.0
0.37929267047090853 0.056533905078020905 0.0
0.3816385909362615 0.05655578679132906 0.0
0.3839870365725185 0.05657591868058081 0.0
0.38633797719883584 0.05659429437744532 0.0
0.3886913828758148 0.05661090750189429 0.0
0.3910472239045317 0.05662575166362465 0.0
0.3934054708255685 0.056638820463481156 0.0
0.39576609441804256 0.0566501074948791 0.0
0.3981290656986381 0.05665960634522704 0.0
0.4004943559206353 0.056667310597349335 0.0
0.40286193657294134 0.056673213830908876 0.0
0.4052317793791208 0.056677309623829816 0.0
0.4076038562964256 0.05667959155372013 0.0
0.40997813951482576 0.05668005319929434 0.0
0.41235460145603897 0.056678688141796156 0.0
0.4147332147725624 0.05667548996642117 0.0
0.4171139523467015 0.05667045226373953 0.0
0.4194967872896011 0.05666356863111856 0.0
0.42188169294027555 0.05665483267414544 0.0
0.4242686428646392 0.056644238008049914 0.0
0.4266576108545371 0.05663177825912692 0.0
0.42904857092677423 0.05661744706615925 0.0
0.4314414973221468 0.05660123808184025 0.0
0.43383636450447255 0.05658314497419645 0.0
0.4362331471596209 0.05656316142801029 0.0
0.4386318201945428 0.056541281146242676 0.0
0.44103235873630176 0.056517497851455774 0.0
0.4434347381311042 0.05649180528723559 0.0
0.44583893394332946 0.05646419721961468 0.0
0.4482449219545599 0.05643466743849478 0.0
0.4506526781626121 0.05640320975906955 0.0
0.4530621787805663 0.056369818023247115 0.0
0.4554734002357973 0.05633448610107283 0.0
0.4578863191690046 0.056297207892151944 0.0
0.4603009124332426 0.0562579773270722 0.0
0.4627171570929517 0.05621678836882657 0.0
0.4651350304229873 0.0561736350142359 0.0
0.46755450990765146 0.05612851129537153 0.0
0.4699755732397224 0.05608141128097806 0.0
0.47239819831948504 0.056032329077895904 0.0
0.4748223632537618 0.05598125883248406 0.0
0.4772480463549422 0.055928194732042684 0.0
0.4796752261400139 0.05587313100623585 0.0
0.48210388132959225 0.055816061928514134 0.0
0.4845339908469515 0.05575698181753727 0.0
0.4869655338170548 0.05569588503859698 0.0
0.48939848956558407 0.05563276600503942 0.0
0.4918328376179711 0.05556761917968797 0.0
0.49426855769842726 0.05550043907626592 0.0
0.4967056297289744 0.05543122026081902 0.0
0.4991440338284747 0.055359957353138325 0.0
0.5015837503116614 0.05528664502818266 0.0
0.504024759688169 0.055211278017501426 0.0
0.5064670426615634 0.05513385111065726 0.0
0.5089105801283723 0.055054359156648615 0.0
0.5113553531771162 0.05497279706533249 0.0
0.5138013430873376 0.05488915980884711 0.0
0.5162485313286322 0.05480344242303456 0.0
0.518696899559679 0.054715640008863434 0.0
0.521146429627271 0.05462574773385157 0.0
0.523597103565344 0.054533760833488654 0.0
0.5260489035940096 0.05443967461265891 0.0
0.5285018121185827 0.054343484447063724 0.0
0.5309558117286144 0.05424518578464445 0.0
0.5334108851969203 0.05414477414700489 0.0
0.535867015478612 0.054042245130834075 0.0
0.5383241857101271 0.05393759440932893 0.0
0.5407823792082592 0.05383081773361685 0.0
0.5432415794691896 0.05372191093417852 0.0
0.5457017701675153 0.05361086992227041 0.0
0.5481629351552819 0.05349769069134759 0.0
0.5506250584610121 0.053382369318486306 0.0
0.5530881242887364 0.053264901965806674 0.0
0.5555521170170244 0.05314528488189533 0.0
0.5580170211980144 0.05302351440322815 0.0
0.5604828215564431 0.05289958695559286 0.0
0.5629495029886775 0.05277349905551171 0.0
0.5654170505617437 0.052645247311664166 0.0
0.5678854495123584 0.05251482842630954 0.0
0.5703546852459584 0.052382239196709736 0.0
0.5728247433357317 0.0522474765165518 0.0
0.5752956095216472 0.05211053737737069 0.0
0.5777672697094851 0.051971418869971864 0.0
0.580239709969868 0.051830118185854014 0.0
0.5827129165372903 0.05168663261863168 0.0
0.5851868758091487 0.05154095956545796 0.0
0.5876615743447737 0.05139309652844713 0.0
0.5901369988644578 0.051243041116097336 0.0
0.5926131362484877 0.05109079104471329 0.0
0.5950899735361738 0.050936344139828865 0.0
0.5975674979248813 0.05077969833762986 0.0
0.6000456967690591 0.050620851686376526 0.0
0.6025245575792714 0.05045980234782642 0.0
0.6050040680212279 0.05029654859865687 0.0
0.6074842159148134 0.050131088831887806 0.0
0.6099649892331191 0.04996342155830434 0.0
0.6124463761014725 0.04979354540787946 0.0
0.6149283647964673 0.049621459131196664 0.0
0.6174109437449946 0.04944716160087269 0.0
0.6198941015232721 0.04927065181298009 0.0
0.6223778268558762 0.04909192888847004 0.0
0.6248621086147708 0.04891099207459485 0.0
0.6273469358183377 0.04872784074633072 0.0
0.629832297630408 0.04854247440780035 0.0
0.6323181833592919 0.04835489269369573 0.0
0.6348045824568083 0.04816509537070065 0.0
0.6372914845173162 0.047973082338913425 0.0
0.6397788792767448 0.04777885363326963 0.0
0.6422667566116234 0.047582409424964674 0.0
0.6447551065381123 0.04738375002287651 0.0
0.6472439192110325 0.04718287587498829 0.0
0.6497331849228969 0.04697978756981104 0.0
0.6522228941029399 0.046774485837806315 0.0
0.6547130373161476 0.046566971552808874 0.0
0.6572036052622896 0.04635724573344938 0.0
0.6596945887749471 0.046145309544576976 0.0
0.6621859788205452 0.04593116429868204 0.0
0.6646777664973822 0.04571481145731881 0.0
0.6671699430346603 0.04549625263252808 0.0
0.6696624997915158 0.04527548958825982 0.0
0.6721554282560496 0.045052524241795885 0.0
0.674648720044357 0.044827358665172665 0.0
0.6771423668995593 0.044599995086603755 0.0
0.6796363606908323 0.0443704358919026 0.0
0.6821306934124386 0.04413868362590521 0.0
0.6846253571827565 0.04390474099389279 0.0
0.6871203442433111 0.04366861086301441 0.0
0.6896156469578042 0.043430296263709665 0.0
0.6921112578111448 0.04318980039113138 0.0
0.6946071694084797 0.04294712660656821 0.0
0.6971033744742232 0.042702278438867404 0.0
0.6995998658510885 0.042455259585857365 0.0
0.7020966364991168 0.04220607391577038 0.0
0.7045936794947087 0.04195472546866529 0.0
0.7070909880296538 0.04170121845785009 0.0
0.7095885554101613 0.04144555727130474 0.0
0.7120863750558903 0.04118774647310363 0.0
0.714584440498981 0.04092779080483839 0.0
0.7170827453830833 0.04066569518704056 0.0
0.7195812834623885 0.04040146472060417 0.0
0.7220800486006591 0.04013510468820848 0.0
0.7245790347702592 0.0398666205557406 0.0
0.7270782360511856 0.0395960179737182 0.0
0.7295776466300965 0.03932330277871211 0.0
0.7320772607993434 0.03904848099476909 0.0
0.7345770729560007 0.03877155883483439 0.0
0.7370770776008964 0.03849254270217449 0.0
0.7395772693376419 0.038211439191799715 0.0
0.7420776428716627 0.03792825509188696 0.0
0.7445781930092289 0.037642997385202284 0.0
0.7470789146564853 0.03735567325052364 0.0
0.7495798028184817 0.03706629006406353 0.0
0.7520808525982039 0.03677485540089164 0.0
0.7545820591956025 0.036481377036357523 0.0
0.7570834179066248 0.036185862947513275 0.0
0.759584924122245 0.035888321314536197 0.0
0.7620865733274931 0.03558876052215147 0.0
0.7645883611004869 0.03528718916105478 0.0
0.7670902831114621 0.03498361602933507 0.0
0.7695923351218011 0.03467805013389709 0.0
0.7720945129830654 0.03437050069188417 0.0
0.7745968126360248 0.034060977132100836 0.0
0.7770992301096878 0.033749489096435485 0.0
0.7796017615203321 0.03343604644128303 0.0
0.7821044030705354 0.03312065923896761 0.0
0.7846071510482047 0.032803337779165234 0.0
0.7871100018256076 0.03248409257032643 0.0
0.7896129518584021 0.03216293434109895 0.0
0.792115997684667 0.031839874041750406 0.0
0.794619135923933 0.031514922845590945 0.0
0.7971223632762119 0.03118809215039593 0.0
0.799625676521027 0.030859393579828573 0.0
0.8021290725164448 0.030528838984862642 0.0
0.8046325481981043 0.030196440445205107 0.0
0.807136100578246 0.02986221027071879 0.0
0.8096397267447465 0.029526161002845084 0.0
0.8121434238601435 0.029188305416026548 0.0
0.8146471891606698 0.02884865651912964 0.0
0.8171510199552823 0.028507227556867337 0.0
0.8196549136246929 0.028164032011221817 0.0
0.8221588676203984 0.027819083602867164 0.0
0.8246628794637103 0.027472396292591957 0.0
0.827166946744787 0.027123984282721995 0.0
0.8296710671216619 0.026773862018542944 0.0
0.8321752383192755 0.026422044189723024 0.0
0.8346794581285049 0.026068545731735636 0.0
0.8371837244051937 0.025713381827282066 0.0
0.8396880350691837 0.025356567907714133 0.0
0.842192388103344 0.024998119654456873 0.0
0.8446967815526016 0.02463805300043114 0.0
0.8472012135229727 0.024276384131476387 0.0
0.849705682180592 0.023913129487773247 0.0
0.8522101857507427 0.023548305765266227 0.0
0.8547147225168881 0.023181929917086362 0.0
0.8572192908197012 0.022814019154973896 0.0
0.8597238890560954 0.022444590950700966 0.0
0.8622285156782539 0.0220736630374942 0.0
0.8647331691926614 0.021701253411457472 0.0
0.8672378481591333 0.0213273803329945 0.0
0.8697425511898471 0.02095206232823156 0.0
0.8722472769483718 0.02057531819044011 0.0
0.8747520241486987 0.020197166981459503 0.0
0.8772567915542713 0.019817628033119608 0.0
0.8797615779770165 0.019436720948663506 0.0
0.8822663822763741 0.019054465604170158 0.0
0.8847712033583277 0.01867088214997704 0.0
0.8872760401744346 0.01828599101210286 0.0
0.889780891720857 0.017899812893670177 0.0
0.8922857570373905 0.017512368776328092 0.0
0.8947906352064968 0.017123679921674913 0.0
0.8972955253523323 0.016733767872680817 0.0
0.899800426639779 0.016342654455110517 0.0
0.9023053382734751 0.015950361778945935 0.0
0.9048102594968453 0.015556912239808858 0.0
0.9073151895911304 0.015162328520383612 0.0
0.9098201278744189 0.014766633591839735 0.0
0.9123250737006757 0.014369850715254621 0.0
0.9148300264587743 0.013972003443036212 0.0
0.9173349855715257 0.013573115620345653 0.0
0.9198399504947095 0.013173211386519957 0.0
0.9223449207161041 0.012772315176494683 0.0
0.9248498957545161 0.012370451722226576 0.0
0.927354875158813 0.011967646054116276 0.0
0.9298598585069507 0.011563923502430939 0.0
0.932364845405006 0.01115930969872694 0.0
0.9348698354862056 0.010753830577272519 0.0
0.9373748284099573 0.01034751237647045 0.0
0.93987982386088 0.009940381640280722 0.0
0.9423848215478334 0.009532465219643179 0.0
0.9448898212029501 0.009123790273900223 0.0
0.947394822580664 0.008714384272219445 0.0
0.9498998254567417 0.008304274995016308 0.0
0.9524048296273124 0.007893490535376819 0.0
0.954909834907899 0.0074820593004801894 0.0
0.9574148411324479 0.007070010013021495 0.0
0.9599198481523583 0.0066573717126343565 0.0
0.962424855835515 0.006244173757313594 0.0
0.9649298640653161 0.005830445824837902 0.0
0.9674348727397055 0.005416217914192509 0.0
0.9699398817702015 0.005001520346991877 0.0
0.9724448910809285 0.004586383768902261 0.0
0.9749499006076474 0.004170839151064534 0.0
0.9774549102967836 0.0037549177915167428 0.0
0.9799599201044605 0.003338651316616807 0.0
0.9824649299955279 0.0029220716824651834 0.0
0.9849699399425931 0.002505211176327537 0.0
0.987474949925051 0.0020881024180574 0.0
0.989979959928114 0.001670778361518844 0.0
0.9924849699418432 0.0012532722960091455 0.0
0.9949899799601782 0.0008356178476814513 0.0
0.9974949899799679 0.0004178489809674473 0.0
1.0 0.0 0.0
0.0 0.0 0.0
1.0020019991919838e-05 -0.000521335875467214 0.0
3.999983974464513e-05 -0.0010430825787783294 0.0
8.981946094539023e-05 -0.0015651922634860851 0.0
0.00015935936720133095 -0.0020876173251366493 0.0
0.0002485005230699463 -0.0026103104014912905 0.0
0.0003571243730893613 -0.0031332243727480572 0.0
0.0004851128408086882 -0.0036563123617634487 0.0
0.0006323483278183695 -0.0041795277342740935 0.0
0.0007987137127805191 -0.004702824099118412 0.0
0.0009840923504592662 -0.005226155308458313 0.0
0.0011883680707510948 -0.005749475458000843 0.0
0.0014114251777151878 -0.006272738887219883 0.0
0.0016531484486037701 -0.00679590017957781 0.0
0.0019134231328924464 -0.00731891416274717 0.0
0.0021921349513105482 -0.007841735908832368 0.0
0.0024891700948714733 -0.008364320734591318 0.0
0.0028044152239030283 -0.008886624201657142 0.0
0.0031377574670777703 -0.00940860211675983 0.0
0.003489084420443353 -0.009930210531947923 0.0
0.0038582841464528624 -0.010451405744810174 0.0
0.00424524517299516 -0.010972144298697244 0.0
0.004649856492425233 -0.01149238298294335 0.0
0.005072007560594526 -0.012012078833087974 0.0
0.005511588295881288 -0.01253118913109749 0.0
0.005968489078220919 -0.013049671405586903 0.0
0.006442600748136295 -0.013567483432041436 0.0
0.006933814605768137 -0.014084583233038305 0.0
0.007442022409905326 -0.014600929078468312 0.0
0.00796711637701527 -0.015116479485757568 0.0
0.008508989180274219 -0.015631193220089136 0.0
0.009067533948597637 -0.01614502929462474 0.0
0.009642644265670517 -0.016657946970726405 0.0
0.01023421416897774 -0.017169905758178144 0.0
0.01084213814883442 -0.01768086541540765 0.0
0.011466311147416223 -0.018190785949707942 0.0
0.012106628557789724 -0.018699627617459056 0.0
0.012762986222942778 -0.019207350924349734 0.0
0.013435280434814794 -0.019713916625599043 0.0
0.014123407933327151 -0.02021928572617813 0.0
0.014827265905413483 -0.020723419481031836 0.0
0.015546751984050058 -0.021226279395300376 0.0
0.016281764247286085 -0.021727827224541044 0.0
0.017032201217274112 -0.02222802497494987 0.0
0.01779796185930031 -0.022726834903583286 0.0
0.01857894558081484 -0.02322421951857982 0.0
0.01937505223046219 -0.02372014157938174 0.0
0.020186182097111545 -0.024214564096956773 0.0
0.021012235908887074 -0.024707450334019738 0.0
0.021853114832198327 -0.025198763805254248 0.0
0.02270872047077054 -0.02568846827753437 0.0
0.023578954864674984 -0.026176527770146302 0.0
0.02446372048935934 -0.02666290655501004 0.0
0.025362920254677988 -0.02714756915690108 0.0
0.02627645750392239 -0.02763048035367207 0.0
0.027204236012851404 -0.02811160517647448 0.0
0.028146159988721667 -0.028590908909980294 0.0
0.029102134069317886 -0.029068357092603664 0.0
0.03007206332198321 -0.029543915516722617 0.0
0.031055853242649565 -0.030017550228900704 0.0
0.03205340975486801 -0.030489227530108635 0.0
0.03306463920883905 -0.030958913975946075 0.0
0.03408944838044301 -0.0314265763768632 0.0
0.035127744470270346 -0.03189218179838241 0.0
0.036179435102652015 -0.03235569756132 0.0
0.0372444283246898 -0.03281709124200787 0.0
0.03832263260528667 -0.03327633067251514 0.0
0.039413956834177095 -0.0337333839408699 0.0
0.04051831032095739 -0.03418821939128079 0.0
0.0416356027941161 -0.03464080562435876 0.0
0.0427657444000643 -0.035091111497338685 0.0
0.04390864570216592 -0.03553910612430107 0.0
0.04506421767976821 -0.03598475887639376 0.0
0.04623237172723183 -0.03642803938205348 0.0
0.04741301965296155 -0.036868917527227735 0.0
0.04860607367843617 -0.03730736345559618 0.0
0.049811446437239296 -0.037743347568792655 0.0
0.051029050974089295 -0.03817684052662652 0.0
0.05225880074386996 -0.03860781324730457 0.0
0.0535006096106606 -0.039036236907652566 0.0
0.05475439184676656 -0.03946208294333703 0.0
0.05602006213174937 -0.039885323049086756 0.0
0.0572975355514574 -0.04030592917891469 0.0
0.0585867275970558 -0.0407238735463394 0.0
0.05988755416405725 -0.041139128624606947 0.0
0.06119993155135195 -0.041551667146912365 0.0
0.06252377646023818 -0.04196146210662147 0.0
0.0638590059934526 -0.042368486757492524 0.0
0.06520553765420048 -0.04277271461389782 0.0
0.06656328934518625 -0.043174119451045476 0.0
0.06793217936764369 -0.04357267530520099 0.0
0.0693121264203662 -0.043968356473909044 0.0
0.07070304959873741 -0.04436113751621506 0.0
0.07210486839376125 -0.044750993252886936 0.0
0.07351750269109245 -0.04513789876663673 0.0
0.07494087277006682 -0.04552182940234227 0.0
0.07637489930273157 -0.04590276076726889 0.0
0.07781950335287582 -0.046280668731291136 0.0
0.07927460637506066 -0.046655529427114324 0.0
0.08074013021364973 -0.04702731925049631 0.0
0.08221599710183942 -0.04739601486046911 0.0
0.08370212966068934 -0.04776159317956068 0.0
0.08519845089815249 -0.04812403139401639 0.0
0.08670488420810586 -0.048483306954020935 0.0
0.0882213533693804 -0.04883939757391981 0.0
0.08974778254479177 -0.049192281232441126 0.0
0.09128409628017038 -0.049541936172917196 0.0
0.09283021950339189 -0.04988834090350626 0.0
0.09438607752340746 -0.05023147419741411 0.0
0.09595159602927417 -0.05057131509311583 0.0
0.09752670108918535 -0.05090784289457745 0.0
0.09911131914950079 -0.05124103717147754 0.0
0.10070537703377734 -0.05157087775942898 0.0
0.102308801941799 -0.05189734476020067 0.0
0.10392152144860742 -0.05222041854193904 0.0
0.10554346350353214 -0.052540079739389886 0.0
0.10717455642922101 -0.05285630925411996 0.0
0.10881472892067048 -0.0531690882547387 0.0
0.110463910044256 -0.0534783981771198 0.0
0.1121220292367623 -0.053784220724623064 0.0
0.11378901630441376 -0.05408653786831586 0.0
0.11546480142190477 -0.054385331847195004 0.0
0.11714931513143 -0.054680585168408284 0.0
0.11884248834171492 -0.054972280607476214 0.0
0.12054425232704585 -0.055260401208513624 0.0
0.1222545387263006 -0.05554493028445151 0.0
0.12397327954197854 -0.05582585141725847 0.0
0.12570040713923133 -0.056103148458162604 0.0
0.12743585424489265 -0.05637680552787297 0.0
0.1291795539465093 -0.05664680701680154 0.0
0.13093143969137086 -0.0569131375852845 0.0
0.13269144528554055 -0.057175782163804374 0.0
0.13445950489288502 -0.0574347259532112 0.0
0.13623555303410548 -0.05768995442494472 0.0
0.13801952458576705 -0.05794145332125555 0.0
0.1398113547793301 -0.05818920865542734 0.0
0.14161097920017973 -0.058433206711998 0.0
0.14341833378665692 -0.05867343404698173 0.0
0.14523335482908806 -0.05890987748809044 0.0
0.147055978968816 -0.059142524134955694 0.0
0.14888614319722973 -0.05937136135935001 0.0
0.15072378485479543 -0.059596376805408954 0.0
0.15256884163008633 -0.05981755838985249 0.0
0.15442125155881314 -0.06003489430220678 0.0
0.15628095302285436 -0.06024837300502588 0.0
0.1581478847492869 -0.06045798323411339 0.0
0.16002198580941598 -0.06066371399874415 0.0
0.16190319561780592 -0.060865554581885827 0.0
0.1637914539313101 -0.061063494540420704 0.0
0.1656867008481015 -0.061257523705367266 0.0
0.16758887680670312 -0.06144763218210195 0.0
0.1694979225850181 -0.06163381035058076 0.0
0.17141377929936033 -0.06181604886556099 0.0
0.1733363884034844 -0.0619943386568228 0.0
0.17526569168761633 -0.06216867092939107 0.0
0.17720163127748373 -0.06233903716375687 0.0
0.1791441496333462 -0.0625054291160993 0.0
0.18109318954902578 -0.06266783881850707 0.0
0.1830486941509368 -0.06282625857920017 0.0
0.1850106068971169 -0.06298068098275161 0.0
0.18697887157625692 -0.0631310988903091 0.0
0.18895343230673142 -0.06327750543981661 0.0
0.1909342335356289 -0.06341989404623612 0.0
0.19292122003778236 -0.06355825840176937 0.0
0.19491433691479948 -0.0636925924760794 0.0
0.19691352959409275 -0.06382289051651228 0.0
0.19891874382791033 -0.06394914704831882 0.0
0.20092992569236598 -0.06407135687487615 0.0
0.20294702158646968 -0.06418951507790961 0.0
0.20496997823115745 -0.064303617017714 0.0
0.20699874266832263 -0.06441365833337587 0.0
0.20903326225984498 -0.06451963494299448 0.0
0.2110734846866224 -0.0646215430439042 0.0
0.21311935794759992 -0.0647193791128955 0.0
0.2151708303588013 -0.06481313990643728 0.0
0.21722785055235816 -0.06490282246089792 0.0
0.21929036747554154 -0.06498842409276748 0.0
0.22135833038979105 -0.06506994239887898 0.0
0.22343168886974638 -0.06514737525663042 0.0
0.22551039280227642 -0.06522072082420605 0.0
0.22759439238551085 -0.0652899775407985 0.0
0.2296836381278692 -0.06535514412683002 0.0
0.2317780808470927 -0.0654162195841746 0.0
0.23387767166927287 -0.0654732031963791 0.0
0.2359823620278837 -0.06552609452888555 0.0
0.2380921036628101 -0.0655748934292522 0.0
0.24020684861938005 -0.06561960002737581 0.0
0.24232654924739355 -0.06566021473571271 0.0
0.24445115820015398 -0.06569673824950106 0.0
0.2465806284334973 -0.06572917154698193 0.0
0.24871491320482392 -0.06575751588962161 0.0
0.25085396607212734 -0.06578177282233275 0.0
0.252997740893026 -0.06580194417369632 0.0
0.2551461918237928 -0.06581803205618318 0.0
0.2572992733183852 -0.06583003886637583 0.0
0.25945694012747655 -0.06583796728518998 0.0
0.26161914729748553 -0.06584182027809633 0.0
0.26378585016960676 -0.06584160109534222 0.0
0.2659570043788415 -0.0658373132721732 0.0
0.2681325658530274 -0.06582896062905487 0.0
0.2703124908118691 -0.06581654727189444 0.0
0.2724967357659689 -0.06580007759226239 0.0
0.2746852575158565 -0.06577955626761431 0.0
0.27687801315101984 -0.06575498826151234 0.0
0.27907496004893506 -0.06572637882384702 0.0
0.28127605587409743 -0.06569373349105886 0.0
0.28348125857705064 -0.06565705808636015 0.0
0.28569052639341846 -0.06561635871995646 0.0
0.28790381784293395 -0.06557164178926843 0.0
0.2901210917284705 -0.06552291397915337 0.0
0.2923423071350718 -0.06547018226212707 0.0
0.2945674234289825 -0.0654134538985853 0.0
0.2967964002566783 -0.06535273643702563 0.0
0.29902919754389623 -0.06528803771426897 0.0
0.3012657754946653 -0.06521936585568137 0.0
0.3035060945903365 -0.06514672927539565 0.0
0.30575011558861365 -0.065070136676533 0.0
0.3079977995225829 -0.06498959705142479 0.0
0.31024910769974395 -0.06490511968183413 0.0
0.3125040017010402 -0.06481671413917768 0.0
0.3147624433798881 -0.06472439028474702 0.0
0.3170243948612094 -0.06462815826993083 0.0
0.3192898185404594 -0.06452802853643597 0.0
0.32155867708265906 -0.06442401181650978 0.0
0.3238309334214238 -0.0643161191331611 0.0
0.3261065507579956 -0.06420436180038255 0.0
0.3283854925602713 -0.06408875142337177 0.0
0.33066772256183485 -0.06396929989875334 0.0
0.33295320476098605 -0.06384601941480027 0.0
0.33524190341977256 -0.06371892245165593 0.0
0.33753378306301823 -0.0635880217815554 0.0
0.33982880847735575 -0.06345333046904747 0.0
0.34212694471025445 -0.06331486187121597 0.0
0.34442815706905316 -0.0631726296379019 0.0
0.3467324111199884 -0.06302664771192454 0.0
0.3490396726872267 -0.06287693032930369 0.0
0.35134990785189263 -0.06272349201948083 0.0
0.35366308295110194 -0.06256634760554128 0.0
0.3559791645769889 -0.062405512204435416 0.0
0.3582981195757396 -0.06224100122720078 0.0
0.36061991504661933 -0.06207283037918329 0.0
0.362944518341006 -0.06190101566025947 0.0
0.3652718970614173 -0.061725573365057476 0.0
0.36760201906054424 -0.06154652008317947 0.0
0.3699348524402783 -0.06136387269942258 0.0
0.37227036555074483 -0.061177648394001236 0.0
0.3746085269893311 -0.060987864642768334 0.0
0.3769493055997178 -0.06079453921743722 0.0
0.37929267047090853 -0.06059769018580326 0.0
0.3816385909362615 -0.06039733591196544 0.0
0.3839870365725185 -0.06019349505654821 0.0
0.38633797719883584 -0.05998618657692301 0.0
0.3886913828758148 -0.05977542972743004 0.0
0.3910472239045317 -0.0595612440595998 0.0
0.3934054708255685 -0.059343649422375015 0.0
0.39576609441804256 -0.05912266596233198 0.0
0.3981290656986381 -0.05889831412390258 0.0
0.4004943559206353 -0.058670614649595644 0.0
0.40286193657294134 -0.05843958858021885 0.0
0.4052317793791208 -0.05820525725510031 0.0
0.4076038562964256 -0.057967642312310226 0.0
0.40997813951482576 -0.057726765688882624 0.0
0.41235460145603897 -0.05748264962103697 0.0
0.4147332147725624 -0.057235316644399854 0.0
0.4171139523467015 -0.05698478959422674 0.0
0.4194967872896011 -0.05673109160562355 0.0
0.42188169294027555 -0.05647424611376833 0.0
0.4242686428646392 -0.056214276854133036 0.0
0.4266576108545371 -0.05595120786270508 0.0
0.42904857092677423 -0.055685063476209065 0.0
0.4314414973221468 -0.055415868332328526 0.0
0.43383636450447255 -0.055143647369927426 0.0
0.4362331471596209 -0.054868425829272045 0.0
0.4386318201945428 -0.05459022925225249 0.0
0.44103235873630176 -0.054309083482604395 0.0
0.4434347381311042 -0.05402501466613071 0.0
0.44583893394332946 -0.05373804925092326 0.0
0.4482449219545599 -0.05344821398758441 0.0
0.4506526781626121 -0.05315553592944887 0.0
0.4530621787805663 -0.052860042432805225 0.0
0.4554734002357973 -0.052561761157117644 0.0
0.4578863191690046 -0.052260720065247644 0.0
0.4603009124332426 -0.0519569474236757 0.0
0.4627171570929517 -0.05165047180272283 0.0
0.4651350304229873 -0.0513413220767724 0.0
0.46755450990765146 -0.051029527424491856 0.0
0.4699755732397224 -0.05071511732905415 0.0
0.47239819831948504 -0.05039812157835962 0.0
0.4748223632537618 -0.05007857026525766 0.0
0.4772480463549422 -0.04975649378776829 0.0
0.4796752261400139 -0.04943192284930385 0.0
0.48210388132959225 -0.0491048884588908 0.0
0.4845339908469515 -0.04877542193139121 0.0
0.4869655338170548 -0.04844355488772461 0.0
0.48939848956558407 -0.04810931925508951 0.0
0.4918328376179711 -0.047772747267185174 0.0
0.49426855769842726 -0.04743387146443332 0.0
0.4967056297289744 -0.047092724694199624 0.0
0.4991440338284747 -0.04674934011101562 0.0
0.5015837503116614 -0.04640375117680021 0.0
0.504024759688169 -0.04605599166108143 0.0
0.5064670426615634 -0.04570609564121806 0.0
0.5089105801283723 -0.0453540975026213 0.0
0.5113553531771162 -0.04500003193897656 0.0
0.5138013430873376 -0.04464393395246497 0.0
0.5162485313286322 -0.04428583885398519 0.0
0.518696899559679 -0.04392578226337496 0.0
0.521146429627271 -0.04356380010963291 0.0
0.523597103565344 -0.04319992863114008 0.0
0.5260489035940096 -0.04283420437588179 0.0
0.5285018121185827 -0.04246666420166912 0.0
0.5309558117286144 -0.04209734527636069 0.0
0.5334108851969203 -0.04172628507808433 0.0
0.535867015478612 -0.041353521395458726 0.0
0.5383241857101271 -0.04097909232781512 0.0
0.5407823792082592 -0.04060303628541891 0.0
0.5432415794691896 -0.040225391989691515 0.0
0.5457017701675153 -0.039846198473431786 0.0
0.5481629351552819 -0.039465495081037874 0.0
0.5506250584610121 -0.03908332146872886 0.0
0.5530881242887364 -0.038699717604766384 0.0
0.5555521170170244 -0.03831472376967638 0.0
0.5580170211980144 -0.03792838055647069 0.0
0.5604828215564431 -0.03754072887086879 0.0
0.5629495029886775 -0.03715180993151944 0.0
0.5654170505617437 -0.036761665270222364 0.0
0.5678854495123584 -0.03637033673214993 0.0
0.5703546852459584 -0.03597786647606879 0.0
0.5728247433357317 -0.03558429697456161 0.0
0.5752956095216472 -0.03518967101424874 0.0
0.5777672697094851 -0.03479403169600981 0.0
0.580239709969868 -0.03439742243520548 0.0
0.5827129165372903 -0.03399988696189911 0.0
0.5851868758091487 -0.033601469321078443 0.0
0.5876615743447737 -0.03320221387287716 0.0
0.5901369988644578 -0.032802165292796774 0.0
0.5926131362484877 -0.032401368571928095 0.0
0.5950899735361738 -0.031999869017173 0.0
0.5975674979248813 -0.031597712251466153 0.0
0.6000456967690591 -0.031194944213996587 0.0
0.6025245575792714 -0.030791611160429385 0.0
0.6050040680212279 -0.030387759663127456 0.0
0.6074842159148134 -0.029983436611373083 0.0
0.6099649892331191 -0.029578689211589675 0.0
0.6124463761014725 -0.02917356498756342 0.0
0.6149283647964673 -0.028768111780664966 0.0
0.6174109437449946 -0.028362377750071083 0.0
0.6198941015232721 -0.027956411372986333 0.0
0.6223778268558762 -0.02755026144486478 0.0
0.6248621086147708 -0.02714397707963163 0.0
0.6273469358183377 -0.026737607709904906 0.0
0.629832297630408 -0.026331203087217148 0.0
0.6323181833592919 -0.025924813282237058 0.0
0.6348045824568083 -0.025518488684991205 0.0
0.6372914845173162 -0.025112280005085683 0.0
0.6397788792767448 -0.024706238271927767 0.0
0.6422667566116234 -0.02430041483494761 0.0
0.6447551065381123 -0.02389486136381994 0.0
0.6472439192110325 -0.023489629848685672 0.0
0.6497331849228969 -0.023084772600373643 0.0
0.6522228941029399 -0.02268034225062227 0.0
0.6547130373161476 -0.022276391752301186 0.0
0.6572036052622896 -0.021872974379632978 0.0
0.6596945887749471 -0.021470143728414808 0.0
0.6621859788205452 -0.021067953716240123 0.0
0.6646777664973822 -0.02066645858272029 0.0
0.6671699430346603 -0.020265712889706345 0.0
0.6696624997915158 -0.01986577152151057 0.0
0.6721554282560496 -0.019466689685128238 0.0
0.674648720044357 -0.019068522910459264 0.0
0.6771423668995593 -0.01867132705052989 0.0
0.6796363606908323 -0.01827515828171432 0.0
0.6821306934124386 -0.01788007310395648 0.0
0.6846253571827565 -0.01748612834099157 0.0
0.6871203442433111 -0.017093381140567857 0.0
0.6896156469578042 -0.016701888974668302 0.0
0.6921112578111448 -0.01631170963973218 0.0
0.6946071694084797 -0.01592290125687687 0.0
0.6971033744742232 -0.015535522272119405 0.0
0.6995998658510885 -0.015149631456598265 0.0
0.7020966364991168 -0.014765287906794966 0.0
0.7045936794947087 -0.014382551044755746 0.0
0.7070909880296538 -0.014001480618313288 0.0
0.7095885554101613 -0.01362213670130835 0.0
0.7120863750558903 -0.01324457969381146 0.0
0.714584440498981 -0.012868870322344548 0.0
0.7170827453830833 -0.012495069640102692 0.0
0.7195812834623885 -0.012123239027175747 0.0
0.7220800486006591 -0.01175344019077003 0.0
0.7245790347702592 -0.011385735165429987 0.0
0.7270782360511856 -0.011020186313259885 0.0
0.7295776466300965 -0.010656856324145453 0.0
0.7320772607993434 -0.010295808215975593 0.0
0.7345770729560007 -0.009937105334864058 0.0
0.7370770776008964 -0.009580811355371074 0.0
0.7395772693376419 -0.009226990280725078 0.0
0.7420776428716627 -0.008875706443044343 0.0
0.7445781930092289 -0.008527024503558689 0.0
0.7470789146564853 -0.008181009452831131 0.0
0.7495798028184817 -0.007837726610979569 0.0
0.7520808525982039 -0.007497241627898478 0.0
0.7545820591956025 -0.00715962048348052 0.0
0.7570834179066248 -0.006824929487838293 0.0
0.759584924122245 -0.006493235281525976 0.0
0.7620865733274931 -0.006164604835760978 0.0
0.7645883611004869 -0.005839105452645661 0.0
0.7670902831114621 -0.005516804765388978 0.0
0.7695923351218011 -0.005197770738528155 0.0
0.7720945129830654 -0.004882071668150373 0.0
0.7745968126360248 -0.00456977618211445 0.0
0.7770992301096878 -0.00426095324027249 0.0
0.7796017615203321 -0.003955672134691579 0.0
0.7821044030705354 -0.0036540024898754566 0.0
0.7846071510482047 -0.0033560142629861837 0.0
0.7871100018256076 -0.0030617777440658128 0.0
0.7896129518584021 -0.002771363556258082 0.0
0.792115997684667 -0.0024848426560300754 0.0
0.794619135923933 -0.0022022863333938884 0.0
0.7971223632762119 -0.001923766212128331 0.0
0.799625676521027 -0.001649354250000579 0.0
0.8021290725164448 -0.001379122738987845 0.0
0.8046325481981043 -0.0011131443054990741 0.0
0.807136100578246 -0.0008514919105966109 0.0
0.8096397267447465 -0.0005942388502178464 0.0
0.8121434238601435 -0.0003414587553969483 0.0
0.8146471891606698 -9.322559248648013e-05 0.0
0.8171510199552823 0.00015038633662088621 0.0
0.8196549136246929 0.0003893023942707229 0.0
0.8221588676203984 0.000623447606825151 0.0
0.8246628794637103 0.000852746664441172 0.0
0.827166946744787 0.0010771239208489998 0.0
0.8296710671216619 0.0012965033931303855 0.0
0.8321752383192755 0.001510808761496931 0.0
0.8346794581285049 0.0017199633690684227 0.0
0.8371837244051937 0.0019238902216511587 0.0
0.8396880350691837 0.002122511987516278 0.0
0.842192388103344 0.0023157509971780655 0.0
0.8446967815526016 0.00250352924317231 0.0
0.8472012135229727 0.002685768379834604 0.0
0.849705682180592 0.002862389723078671 0.0
0.8522101857507427 0.0030333142501746996 0.0
0.8547147225168881 0.003198462599527668 0.0
0.8572192908197012 0.0033577550704556648 0.0
0.8597238890560954 0.0035111116229682264 0.0
0.8622285156782539 0.0036584518775446408 0.0
0.8647331691926614 0.003799695114912288 0.0
0.8672378481591333 0.003934760275824966 0.0
0.8697425511898471 0.0040635659608412155 0.0
0.8722472769483718 0.004186030430102642 0.0
0.8747520241486987 0.004302071603112231 0.0
0.8772567915542713 0.0044116070585127004 0.0
0.8797615779770165 0.0045145540338647995 0.0
0.8822663822763741 0.00461082942542565 0.0
0.8847712033583277 0.00470034978792706 0.0
0.8872760401744346 0.004783031334353867 0.0
0.889780891720857 0.004858789935722244 0.0
0.8922857570373905 0.004927541120858033 0.0
0.8947906352064968 0.004989200076175077 0.0
0.8972955253523323 0.00504368164545353 0.0
0.899800426639779 0.005090900329618198 0.0
0.9023053382734751 0.005130770286516853 0.0
0.9048102594968453 0.005163205330698573 0.0
0.9073151895911304 0.0051881189331920465 0.0
0.9098201278744189 0.005205424221283914 0.0
0.9123250737006757 0.005215033978297091 0.0
0.9148300264587743 0.0052168606433690866 0.0
0.9173349855715257 0.005210816311230334 0.0
0.9198399504947095 0.00519681273198252 0.0
0.9223449207161041 0.0051747613108769006 0.0
0.9248498957545161 0.005144573108092634 0.0
0.927354875158813 0.005106158838515103 0.0
0.9298598585069507 0.0050594288715142405 0.0
0.932364845405006 0.005004293230722859 0.0
0.9348698354862056 0.004940661593814968 0.0
0.9373748284099573 0.004868443292284106 0.0
0.93987982386088 0.004787547311221666 0.0
0.9423848215478334 0.0046978822890952135 0.0
0.9448898212029501 0.004599356517526823 0.0
0.947394822580664 0.004491877941071395 0.0
0.9498998254567417 0.004375354156994984 0.0
0.9524048296273124 0.004249692415053125 0.0
0.954909834907899 0.004114799617269158 0.0
0.9574148411324479 0.003970582317712554 0.0
0.9599198481523583 0.003816946722277236 0.0
0.962424855835515 0.003653798688459915 0.0
0.9649298640653161 0.0034810437251384056 0.0
0.9674348727397055 0.0032985869923499527 0.0
0.9699398817702015 0.003106333301069573 0.0
0.9724448910809285 0.0029041871129883295 0.0
0.9749499006076474 0.002692052540291733 0.0
0.9774549102967836 0.0024698333454380114 0.0
0.9799599201044605 0.0022374329409364535 0.0
0.9824649299955279 0.001994754389125735 0.0
0.9849699399425931 0.0017417004019522403 0.0
0.987474949925051 0.0014781733407483897 0.0
0.989979959928114 0.0012040752160109647 0.0
0.9924849699418432 0.0009193076871794335 0.0
0.9949899799601782 0.0006237720624142761 0.0
0.9974949899799679 0.00031736929837531075 0.0
1.0 0.0 0.0
