500 2
0.0 0.0 0.0
1.0020019991919838e-05 0.0004965892892521321 0.0
3.999983974464513e-05 0.0009903119903951554 0.0
8.981946094539023e-05 0.001481190213474813 0.0
0.00015935936720133095 0.001969246003162062 0.0
0.0002485005230699463 0.0024545013380412365 0.0
0.0003571243730893613 0.002936978129898218 0.0
0.0004851128408086882 0.0034166982230085965 0.0
0.0006323483278183695 0.0038936833934258494 0.0
0.0007987137127805191 0.0043679553482694955 0.0
0.0009840923504592662 0.004839535725013271 0.0
0.0011883680707510948 0.005308446090773294 0.0
0.0014114251777151878 0.005774707941596227 0.0
0.0016531484486037701 0.006238342701747458 0.0
0.0019134231328924464 0.006699371722999247 0.0
0.0021921349513105482 0.007157816283918916 0.0
0.0024891700948714733 0.007613697589156997 0.0
0.0028044152239030283 0.008067036768735403 0.0
0.0031377574670777703 0.008517854877335609 0.0
0.003489084420443353 0.008966172893586812 0.0
0.0038582841464528624 0.009412011719354076 0.0
0.00424524517299516 0.009855392179026541 0.0
0.004649856492425233 0.010296335018805555 0.0
0.005072007560594526 0.010734860905992853 0.0
0.005511588295881288 0.011170990428278732 0.0
0.005968489078220919 0.011604744093030219 0.0
0.006442600748136295 0.012036142326579199 0.0
0.006933814605768137 0.012465205473510656 0.0
0.007442022409905326 0.012891953795950761 0.0
0.00796711637701527 0.013316407472855098 0.0
0.008508989180274219 0.013738586599296805 0.0
0.009067533948597637 0.014158511185754745 0.0
0.009642644265670517 0.01457620115740167 0.0
0.01023421416897774 0.01499167635339239 0.0
0.01084213814883442 0.01540495652615196 0.0
0.011466311147416223 0.0158160613406638 0.0
0.012106628557789724 0.016225010373757908 0.0
0.012762986222942778 0.016631823113399027 0.0
0.013435280434814794 0.017036518957974763 0.0
0.014123407933327151 0.017439117215583808 0.0
0.014827265905413483 0.01783963710332408 0.0
0.015546751984050058 0.01823809774658088 0.0
0.016281764247286085 0.018634518178315088 0.0
0.017032201217274112 0.019028917338351315 0.0
0.01779796185930031 0.019421314072666077 0.0
0.01857894558081484 0.019811727132675934 0.0
0.01937505223046219 0.0202001751745257 0.0
0.020186182097111545 0.020586676758376582 0.0
0.021012235908887074 0.020971250347694356 0.0
0.021853114832198327 0.02135391430853753 0.0
0.02270872047077054 0.021734686908845523 0.0
0.023578954864674984 0.022113586317726804 0.0
0.02446372048935934 0.0224906306047471 0.0
0.025362920254677988 0.022865837739217534 0.0
0.02627645750392239 0.023239225589482788 0.0
0.027204236012851404 0.0236108119222093 0.0
0.028146159988721667 0.023980614401673414 0.0
0.029102134069317886 0.024348650589049527 0.0
0.03007206332198321 0.024714937941698288 0.0
0.031055853242649565 0.025079493812454747 0.0
0.03205340975486801 0.02544233544891654 0.0
0.03306463920883905 0.02580347999273203 0.0
0.03408944838044301 0.026162944478888513 0.0
0.035127744470270346 0.026520745835000314 0.0
0.036179435102652015 0.026876900880597056 0.0
0.0372444283246898 0.027231426326411724 0.0
0.03832263260528667 0.02758433877366891 0.0
0.039413956834177095 0.027935654713372945 0.0
0.04051831032095739 0.028285390525596057 0.0
0.0416356027941161 0.028633562478766566 0.0
0.0427657444000643 0.028980186728957052 0.0
0.04390864570216592 0.029325279319172462 0.0
0.04506421767976821 0.029668856178638396 0.0
0.04623237172723183 0.030010933122089106 0.0
0.04741301965296155 0.03035152584905586 0.0
0.04860607367843617 0.030690649943154902 0.0
0.049811446437239296 0.031028320871375838 0.0
0.051029050974089295 0.03136455398336958 0.0
0.05225880074386996 0.03169936451073673 0.0
0.0535006096106606 0.03203276756631555 0.0
0.05475439184676656 0.032364778143470274 0.0
0.05602006213174937 0.03269541111537918 0.0
0.0572975355514574 0.03302468123432286 0.0
0.0585867275970558 0.03335260313097224 0.0
0.05988755416405725 0.03367919131367694 0.0
0.06119993155135195 0.03400446016775323 0.0
0.06252377646023818 0.03432842395477234 0.0
0.0638590059934526 0.034651096811848615 0.0
0.06520553765420048 0.03497249275092762 0.0
0.06656328934518625 0.03529262565807436 0.0
0.06793217936764369 0.03561150929276142 0.0
0.0693121264203662 0.03592915728715715 0.0
0.07070304959873741 0.03624558314541381 0.0
0.07210486839376125 0.03656080024295577 0.0
0.07351750269109245 0.03687482182576765 0.0
0.07494087277006682 0.03718766100968249 0.0
0.07637489930273157 0.03749933077966992 0.0
0.07781950335287582 0.037809843989124355 0.0
0.07927460637506066 0.038119213359153116 0.0
0.08074013021364973 0.03842745147786463 0.0
0.08221599710183942 0.03873457079965655 0.0
0.08370212966068934 0.03904058364450401 0.0
0.08519845089815249 0.039345502197247695 0.0
0.08670488420810586 0.03964933850688209 0.0
0.0882213533693804 0.03995210448584358 0.0
0.08974778254479177 0.040253811909298665 0.0
0.09128409628017038 0.04055447241443212 0.0
0.09283021950339189 0.040854097499735106 0.0
0.09438607752340746 0.04115269852429344 0.0
0.09595159602927417 0.041450286707075665 0.0
0.09752670108918535 0.04174687312622128 0.0
0.09911131914950079 0.042042468718328875 0.0
0.10070537703377734 0.042337084277744304 0.0
0.102308801941799 0.04263073045584885 0.0
0.10392152144860742 0.042923417760347436 0.0
0.10554346350353214 0.04321515655455671 0.0
0.10717455642922101 0.043505957056693266 0.0
0.10881472892067048 0.04379582933916181 0.0
0.110463910044256 0.04408478332784333 0.0
0.1121220292367623 0.044372828801383234 0.0
0.11378901630441376 0.04465997539047954 0.0
0.11546480142190477 0.04494623257717104 0.0
0.11714931513143 0.045231609694125464 0.0
0.11884248834171492 0.04551611592392767 0.0
0.12054425232704585 0.045799760298367714 0.0
0.1222545387263006 0.04608255169772923 0.0
0.12397327954197854 0.04636449885007729 0.0
0.12570040713923133 0.0466456103305469 0.0
0.12743585424489265 0.04692589456063089 0.0
0.1291795539465093 0.0472053598074683 0.0
0.13093143969137086 0.04748401418313233 0.0
0.13269144528554055 0.04776186564391879 0.0
0.13445950489288502 0.048038921989633866 0.0
0.13623555303410548 0.0483151908628828 0.0
0.13801952458576705 0.04859067974835753 0.0
0.1398113547793301 0.04886539597212529 0.0
0.14161097920017973 0.04913934670091645 0.0
0.14341833378665692 0.049412538941412974 0.0
0.14523335482908806 0.049684979539536295 0.0
0.147055978968816 0.04995667517973576 0.0
0.14888614319722973 0.050227632384276515 0.0
0.15072378485479543 0.050497857512528 0.0
0.15256884163008633 0.0507673567602518 0.0
0.15442125155881314 0.05103613615889 0.0
0.15628095302285436 0.05130420157485331 0.0
0.1581478847492869 0.05157155870880921 0.0
0.16002198580941598 0.05183821309497014 0.0
0.16190319561780592 0.05210417010038166 0.0
0.1637914539313101 0.05236943492421059 0.0
0.1656867008481015 0.05263401259703325 0.0
0.16758887680670312 0.05289790798012355 0.0
0.1694979225850181 0.0531611257647412 0.0
0.17141377929936033 0.053423670471419854 0.0
0.1733363884034844 0.05368554644925529 0.0
0.17526569168761633 0.05394675787519359 0.0
0.17720163127748373 0.05420730875331929 0.0
0.1791441496333462 0.054467202914143524 0.0
0.18109318954902578 0.05472644401389226 0.0
0.1830486941509368 0.05498503553379439 0.0
0.1850106068971169 0.055242980779369934 0.0
0.18697887157625692 0.055500282879718206 0.0
0.18895343230673142 0.05575694478680602 0.0
0.1909342335356289 0.056012969274755756 0.0
0.19292122003778236 0.05626835893913362 0.0
0.19491433691479948 0.05652311619623778 0.0
0.19691352959409275 0.05677724328238656 0.0
0.19891874382791033 0.05703074225320648 0.0
0.20092992569236598 0.057283614982920616 0.0
0.20294702158646968 0.05753586316363671 0.0
0.20496997823115745 0.05778748830463514 0.0
0.20699874266832263 0.05803849173165746 0.0
0.20903326225984498 0.05828887458619412 0.0
0.2110734846866224 0.05853863782477312 0.0
0.21311935794759992 0.0587877822182477 0.0
0.2151708303588013 0.059036308351084914 0.0
0.21722785055235816 0.05928421662065345 0.0
0.21929036747554154 0.05953150723651215 0.0
0.22135833038979105 0.05977818021969781 0.0
0.22343168886974638 0.060024235402013654 0.0
0.22551039280227642 0.060269672425317285 0.0
0.22759439238551085 0.06051449074080907 0.0
0.2296836381278692 0.060758689608319975 0.0
0.2317780808470927 0.06100226809560019 0.0
0.23387767166927287 0.061245225077606796 0.0
0.2359823620278837 0.061487559235792404 0.0
0.2380921036628101 0.06172926905739288 0.0
0.24020684861938005 0.061970352834715935 0.0
0.24232654924739355 0.0622108086644289 0.0
0.24445115820015398 0.06245063444684728 0.0
0.2465806284334973 0.06268982788522248 0.0
0.24871491320482392 0.06292838648503048 0.0
0.25085396607212734 0.06316630755325948 0.0
0.252997740893026 0.06340358819769852 0.0
0.2551461918237928 0.06364022532622536 0.0
0.2572992733183852 0.06387621564609475 0.0
0.25945694012747655 0.06411155566322654 0.0
0.26161914729748553 0.06434624168149398 0.0
0.26378585016960676 0.06458026980201176 0.0
0.2659570043788415 0.06481363592242419 0.0
0.2681325658530274 0.0650463357361934 0.0
0.2703124908118691 0.06527836473188756 0.0
0.2724967357659689 0.06550971819246887 0.0
0.2746852575158565 0.06574039119458198 0.0
0.27687801315101984 0.06597037860784194 0.0
0.27907496004893506 0.06619967509412245 0.0
0.28127605587409743 0.06642827510684406 0.0
0.28348125857705064 0.06665617289026227 0.0
0.28569052639341846 0.06688336247875573 0.0
0.28790381784293395 0.06710983769611449 0.0
0.2901210917284705 0.06733559215482796 0.0
0.2923423071350718 0.06756061925537327 0.0
0.2945674234289825 0.06778491218550335 0.0
0.2967964002566783 0.06800846391953519 0.0
0.29902919754389623 0.0682312672176378 0.0
0.3012657754946653 0.0684533146251206 0.0
0.3035060945903365 0.0686745984717215 0.0
0.30575011558861365 0.068895110870895 0.0
0.3079977995225829 0.06911484371910051 0.0
0.31024910769974395 0.06933378869509035 0.0
0.3125040017010402 0.06955193725919813 0.0
0.3147624433798881 0.06976928065262653 0.0
0.3170243948612094 0.069985809896736 0.0
0.3192898185404594 0.07020151579233247 0.0
0.32155867708265906 0.0704163889189558 0.0
0.3238309334214238 0.0706304196341677 0.0
0.3261065507579956 0.07084359807284028 0.0
0.3283854925602713 0.07105591414644367 0.0
0.33066772256183485 0.0712673575423348 0.0
0.33295320476098605 0.071477917723045 0.0
0.33524190341977256 0.07168758392556866 0.0
0.33753378306301823 0.07189634516065094 0.0
0.33982880847735575 0.07210419021207637 0.0
0.34212694471025445 0.07231110763595663 0.0
0.34442815706905316 0.07251708576001908 0.0
0.3467324111199884 0.07272211268289454 0.0
0.3490396726872267 0.07292617627340585 0.0
0.35134990785189263 0.0731292641698557 0.0
0.35366308295110194 0.07333136377931511 0.0
0.3559791645769889 0.07353246227691122 0.0
0.3582981195757396 0.07373254660511594 0.0
0.36061991504661933 0.0739316034730335 0.0
0.362944518341006 0.07412961935568936 0.0
0.3652718970614173 0.07432658049331761 0.0
0.36760201906054424 0.07452247289064985 0.0
0.3699348524402783 0.07471728231620266 0.0
0.37227036555074483 0.07491099430156649 0.0
0.3746085269893311 0.07510359414069316 0.0
0.3769493055997178 0.07529506688918453 0.0
0.37929267047090853 0.07548539736358033 0.0
0.3816385909362615 0.07567457014064653 0.0
0.3839870365725185 0.07586256955666348 0.0
0.38633797719883584 0.07604937970671391 0.0
0.3886913828758148 0.07623498444397135 0.0
0.3910472239045317 0.0764193673789881 0.0
0.3934054708255685 0.07660251187898351 0.0
0.39576609441804256 0.07678440106713204 0.0
0.3981290656986381 0.07696501782185158 0.0
0.4004943559206353 0.07714434477609147 0.0
0.40286193657294134 0.07732236431662073 0.0
0.4052317793791208 0.07749905858331627 0.0
0.4076038562964256 0.07767440946845096 0.0
0.40997813951482576 0.07784839861598186 0.0
0.41235460145603897 0.07802100742083841 0.0
0.4147332147725624 0.07819221702821051 0.0
0.4171139523467015 0.07836200833283678 0.0
0.4194967872896011 0.0785303619782927 0.0
0.42188169294027555 0.0786972583562787 0.0
0.4242686428646392 0.07886267760590843 0.0
0.4266576108545371 0.07902659961299692 0.0
0.42904857092677423 0.07918900400934865 0.0
0.4314414973221468 0.07934987017204587 0.0
0.43383636450447255 0.07950917722273657 0.0
0.4362331471596209 0.07966690402692288 0.0
0.4386318201945428 0.07982302919324902 0.0
0.44103235873630176 0.07997753107278958 0.0
0.4434347381311042 0.08013038775833771 0.0
0.44583893394332946 0.08028157708369323 0.0
0.4482449219545599 0.08043107662295075 0.0
0.4506526781626121 0.08057886368978802 0.0
0.4530621787805663 0.08072491533675386 0.0
0.4554734002357973 0.08086920835455653 0.0
0.4578863191690046 0.0810117192713518 0.0
0.4603009124332426 0.08115242435203106 0.0
0.4627171570929517 0.08129129959750964 0.0
0.4651350304229873 0.08142832074401486 0.0
0.46755450990765146 0.0815634632623742 0.0
0.4699755732397224 0.0816967023573036 0.0
0.47239819831948504 0.08182801296669538 0.0
0.4748223632537618 0.08195736976090666 0.0
0.4772480463549422 0.0820847471420474 0.0
0.4796752261400139 0.08221011924326857 0.0
0.48210388132959225 0.08233345992805034 0.0
0.4845339908469515 0.08245474278949022 0.0
0.4869655338170548 0.08257394114959131 0.0
0.48939848956558407 0.08269102805855036 0.0
0.4918328376179711 0.08280597629404594 0.0
0.49426855769842726 0.08291875836052674 0.0
0.4967056297289744 0.08302934648849963 0.0
0.4991440338284747 0.08313771263381775 0.0
0.5015837503116614 0.08324382847696891 0.0
0.504024759688169 0.08334766542236353 0.0
0.5064670426615634 0.08344919459762291 0.0
0.5089105801283723 0.08354838685286742 0.0
0.5113553531771162 0.08364521276000457 0.0
0.5138013430873376 0.08373964261201729 0.0
0.5162485313286322 0.08383164642225199 0.0
0.518696899559679 0.08392119392370685 0.0
0.521146429627271 0.08400825456831991 0.0
0.523597103565344 0.08409279752625717 0.0
0.5260489035940096 0.08417479168520092 0.0
0.5285018121185827 0.08425420564963776 0.0
0.5309558117286144 0.08433100774014689 0.0
0.5334108851969203 0.08440516599268814 0.0
0.535867015478612 0.08447664815789031 0.0
0.5383241857101271 0.08454542170033912 0.0
0.5407823792082592 0.0846114537978656 0.0
0.5432415794691896 0.08467471134083411 0.0
0.5457017701675153 0.08473516093143055 0.0
0.5481629351552819 0.08479276888295051 0.0
0.5506250584610121 0.0848475012190875 0.0
0.5530881242887364 0.08489932367322106 0.0
0.5555521170170244 0.08494820168770494 0.0
0.5580170211980144 0.08499410041315521 0.0
0.5604828215564431 0.08503698470773857 0.0
0.5629495029886775 0.08507681913646038 0.0
0.5654170505617437 0.08511356797045293 0.0
0.5678854495123584 0.08514719518626344 0.0
0.5703546852459584 0.08517766446514251 0.0
0.5728247433357317 0.08520493919233195 0.0
0.5752956095216472 0.08522898245635328 0.0
0.5777672697094851 0.08524975704829559 0.0
0.580239709969868 0.08526722546110392 0.0
0.5827129165372903 0.0852813498888674 0.0
0.5851868758091487 0.08529209222610729 0.0
0.5876615743447737 0.08529941406706534 0.0
0.5901369988644578 0.08530327670499169 0.0
0.5926131362484877 0.08530364113143334 0.0
0.5950899735361738 0.08530046803552209 0.0
0.5975674979248813 0.08529371780326292 0.0
0.6000456967690591 0.08528335051682186 0.0
0.6025245575792714 0.08526932595381441 0.0
0.6050040680212279 0.08525160358659366 0.0
0.6074842159148134 0.08523014258153834 0.0
0.6099649892331191 0.08520490179834114 0.0
0.6124463761014725 0.08517583978929674 0.0
0.6149283647964673 0.08514291479859011 0.0
0.6174109437449946 0.08510608476158454 0.0
0.6198941015232721 0.08506530730410991 0.0
0.6223778268558762 0.08502053974175086 0.0
0.6248621086147708 0.0849717390791349 0.0
0.6273469358183377 0.08491886200922052 0.0
0.629832297630408 0.08486186491258554 0.0
0.6323181833592919 0.08480070385671513 0.0
0.6348045824568083 0.08473533459529006 0.0
0.6372914845173162 0.08466571256747472 0.0
0.6397788792767448 0.08459179289720552 0.0
0.6422667566116234 0.08451353039247884 0.0
0.6447551065381123 0.08443087954463935 0.0
0.6472439192110325 0.08434379452766808 0.0
0.6497331849228969 0.08425222919747063 0.0
0.6522228941029399 0.08415613709116537 0.0
0.6547130373161476 0.08405547142637147 0.0
0.6572036052622896 0.08395018510049727 0.0
0.6596945887749471 0.08384023069002827 0.0
0.6621859788205452 0.08372556044981544 0.0
0.6646777664973822 0.08360612631236322 0.0
0.6671699430346603 0.08348187988711786 0.0
0.6696624997915158 0.08335277245975553 0.0
0.6721554282560496 0.08321875499147036 0.0
0.674648720044357 0.0830797781182628 0.0
0.6771423668995593 0.08293579215022771 0.0
0.6796363606908323 0.08278674707084245 0.0
0.6821306934124386 0.08263259253625517 0.0
0.6846253571827565 0.08247327787457291 0.0
0.6871203442433111 0.0823087520851498 0.0
0.6896156469578042 0.08213896383787518 0.0
0.6921112578111448 0.0819638614724618 0.0
0.6946071694084797 0.081783392997734 0.0
0.6971033744742232 0.08159750609091583 0.0
0.6995998658510885 0.08140614809691929 0.0
0.7020966364991168 0.08120926602763238 0.0
0.7045936794947087 0.08100680656120747 0.0
0.7070909880296538 0.08079871604134917 0.0
0.7095885554101613 0.0805849404766028 0.0
0.7120863750558903 0.08036542553964239 0.0
0.714584440498981 0.08014011656655882 0.0
0.7170827453830833 0.07990895855614813 0.0
0.7195812834623885 0.07967189616919955 0.0
0.7220800486006591 0.07942887372778373 0.0
0.7245790347702592 0.07917983521454093 0.0
0.7270782360511856 0.07892472427196914 0.0
0.7295776466300965 0.07866348420171224 0.0
0.7320772607993434 0.07839605796384817 0.0
0.7345770729560007 0.07812238817617723 0.0
0.7370770776008964 0.07784241711351 0.0
0.7395772693376419 0.07755608670695573 0.0
0.7420776428716627 0.07726333854321038 0.0
0.7445781930092289 0.07696411386384484 0.0
0.7470789146564853 0.07665835356459308 0.0
0.7495798028184817 0.07634599819464029 0.0
0.7520808525982039 0.07602698795591117 0.0
0.7545820591956025 0.07570126270235786 0.0
0.7570834179066248 0.07536876193924841 0.0
0.759584924122245 0.07502942482245466 0.0
0.7620865733274931 0.07468319015774064 0.0
0.7645883611004869 0.07432999640005052 0.0
0.7670902831114621 0.07396978165279702 0.0
0.7695923351218011 0.07360248366714933 0.0
0.7720945129830654 0.0732280398413215 0.0
0.7745968126360248 0.07284638721986039 0.0
0.7770992301096878 0.07245746249293407 0.0
0.7796017615203321 0.07206120199561976 0.0
0.7821044030705354 0.07165754170719217 0.0
0.7846071510482047 0.07124641725041159 0.0
0.7871100018256076 0.07082776389081205 0.0
0.7896129518584021 0.07040151653598951 0.0
0.792115997684667 0.06996760973489002 0.0
0.794619135923933 0.06952597767709795 0.0
0.7971223632762119 0.069076554192124 0.0
0.799625676521027 0.0686192727486935 0.0
0.8021290725164448 0.06815406645403457 0.0
0.8046325481981043 0.06768086805316627 0.0
0.807136100578246 0.06719960992818666 0.0
0.8096397267447465 0.0667102240975612 0.0
0.8121434238601435 0.06621264221541066 0.0
0.8146471891606698 0.06570679557079949 0.0
0.8171510199552823 0.06519261508702383 0.0
0.8196549136246929 0.06467003132089981 0.0
0.8221588676203984 0.06413897446205166 0.0
0.8246628794637103 0.06359937433219984 0.0
0.827166946744787 0.06305116038444927 0.0
0.8296710671216619 0.06249426170257747 0.0
0.8321752383192755 0.0619286070003227 0.0
0.8346794581285049 0.06135412462067219 0.0
0.8371837244051937 0.060770742535150246 0.0
0.8396880350691837 0.06017838834310646 0.0
0.842192388103344 0.059576989271003904 0.0
0.8446967815526016 0.0589664721717071 0.0
0.8472012135229727 0.05834676352377051 0.0
0.849705682180592 0.05771778943072646 0.0
0.8522101857507427 0.05707947562037339 0.0
0.8547147225168881 0.056431747444064005 0.0
0.8572192908197012 0.05577452987599346 0.0
0.8597238890560954 0.05510774751248753 0.0
0.8622285156782539 0.05443132457129074 0.0
0.8647331691926614 0.05374518489085456 0.0
0.8672378481591333 0.05304925192962558 0.0
0.8697425511898471 0.05234344876533365 0.0
0.8722472769483718 0.05162769809428007 0.0
0.8747520241486987 0.050901922230625764 0.0
0.8772567915542713 0.0501660431056794 0.0
0.8797615779770165 0.04941998226718564 0.0
0.8822663822763741 0.048663660878613214 0.0
0.8847712033583277 0.04789699971844312 0.0
0.8872760401744346 0.04711991917945686 0.0
0.889780891720857 0.04633233926802451 0.0
0.8922857570373905 0.04553417960339291 0.0
0.8947906352064968 0.044725359416973906 0.0
0.8972955253523323 0.04390579755163238 0.0
0.899800426639779 0.04307541246097457 0.0
0.9023053382734751 0.042234122208636114 0.0
0.9048102594968453 0.041381844467570296 0.0
0.9073151895911304 0.04051849651933616 0.0
0.9098201278744189 0.039643995253386716 0.0
0.9123250737006757 0.038758257166357085 0.0
0.9148300264587743 0.03786119836135266 0.0
0.9173349855715257 0.036952734547237326 0.0
0.9198399504947095 0.036032781037921555 0.0
0.9223449207161041 0.0351012527516506 0.0
0.9248498957545161 0.034158064210292674 0.0
0.927354875158813 0.03320312953862715 0.0
0.9298598585069507 0.03223636246363262 0.0
0.932364845405006 0.0312576763137752 0.0
0.9348698354862056 0.03026698401829657 0.0
0.9373748284099573 0.02926419810650223 0.0
0.93987982386088 0.02824923070704965 0.0
0.9423848215478334 0.02722199354723638 0.0
0.9448898212029501 0.026182397952288307 0.0
0.947394822580664 0.025130354844647745 0.0
0.9498998254567417 0.024065774743261648 0.0
0.9524048296273124 0.022988567762869765 0.0
0.954909834907899 0.021898643613292797 0.0
0.9574148411324479 0.020795911598720573 0.0
0.9599198481523583 0.019680280617000223 0.0
0.962424855835515 0.01855165915892433 0.0
0.9649298640653161 0.01740995530751911 0.0
0.9674348727397055 0.016255076737332567 0.0
0.9699398817702015 0.01508693071372275 0.0
0.9724448910809285 0.01390542409214563 0.0
0.9749499006076474 0.012710463317443682 0.0
0.9774549102967836 0.011501954423133764 0.0
0.9799599201044605 0.010279803030695376 0.0
0.9824649299955279 0.009043914348858812 0.0
0.9849699399425931 0.007794193172893341 0.0
0.987474949925051 0.00653054388389536 0.0
0.989979959928114 0.005252870448076564 0.0
0.9924849699418432 0.00396107641605212 0.0
0.9949899799601782 0.002655064922128826 0.0
0.9974949899799679 0.0013347386835932877 0.0
1.0 0.0 0.0
0.0 0.0 0.0
1.0020019991919838e-05 -0.0004982705988580613 0.0
3.999983974464513e-05 -0.0009969876004331892 0.0
8.981946094539023e-05 -0.001496098841059689 0.0
0.00015935936720133095 -0.0019955523185543767 0.0
0.0002485005230699463 -0.0024952961936312293 0.0
0.0003571243730893613 -0.002995278791316039 0.0
0.0004851128408086882 -0.003495448602361059 0.0
0.0006323483278183695 -0.003995754284659664 0.0
0.0007987137127805191 -0.004496144664660981 0.0
0.0009840923504592662 -0.004996568738784573 0.0
0.0011883680707510948 -0.005496975674835057 0.0
0.0014114251777151878 -0.005997314813416774 0.0
0.0016531484486037701 -0.006497535669348435 0.0
0.0019134231328924464 -0.00699758793307777 0.0
0.0021921349513105482 -0.0074974214720961874 0.0
0.0024891700948714733 -0.007996986332353413 0.0
0.0028044152239030283 -0.00849623273967215 0.0
0.0031377574670777703 -0.008995111101162719 0.0
0.003489084420443353 -0.009493572006637734 0.0
0.0038582841464528624 -0.009991566230026722 0.0
0.00424524517299516 -0.010489044730790794 0.0
0.004649856492425233 -0.010985958655337285 0.0
0.005072007560594526 -0.011482259338434423 0.0
0.005511588295881288 -0.01197789830462595 0.0
0.005968489078220919 -0.012472827269645818 0.0
0.006442600748136295 -0.01296699814183277 0.0
0.006933814605768137 -0.013460363023545082 0.0
0.007442022409905326 -0.013952874212575126 0.0
0.00796711637701527 -0.01444448420356409 0.0
0.008508989180274219 -0.014935145689416573 0.0
0.009067533948597637 -0.01542481156271529 0.0
0.009642644265670517 -0.015913434917135684 0.0
0.01023421416897774 -0.016400969048860577 0.0
0.01084213814883442 -0.01688736745799485 0.0
0.011466311147416223 -0.017372583849980073 0.0
0.012106628557789724 -0.017856572137009148 0.0
0.012762986222942778 -0.018339286439441 0.0
0.013435280434814794 -0.018820681087215168 0.0
0.014123407933327151 -0.01930071062126651 0.0
0.014827265905413483 -0.01977932979493982 0.0
0.015546751984050058 -0.0202564935754045 0.0
0.016281764247286085 -0.020732157145069194 0.0
0.017032201217274112 -0.021206275902996456 0.0
0.01779796185930031 -0.021678805466317376 0.0
0.01857894558081484 -0.02214970167164628 0.0
0.01937505223046219 -0.02261892057649531 0.0
0.020186182097111545 -0.02308641846068914 0.0
0.021012235908887074 -0.02355215182777959 0.0
0.021853114832198327 -0.024016077406460286 0.0
0.02270872047077054 -0.024478152151981323 0.0
0.023578954864674984 -0.024938333247563876 0.0
0.02446372048935934 -0.025396578105814933 0.0
0.025362920254677988 -0.025852844370141854 0.0
0.02627645750392239 -0.02630708991616706 0.0
0.027204236012851404 -0.026759272853142706 0.0
0.028146159988721667 -0.027209351525365303 0.0
0.029102134069317886 -0.027657284513590383 0.0
0.03007206332198321 -0.028103030636447122 0.0
0.031055853242649565 -0.028546548951853046 0.0
0.03205340975486801 -0.028987798758428635 0.0
0.03306463920883905 -0.029426739596911975 0.0
0.03408944838044301 -0.029863331251573453 0.0
0.035127744470270346 -0.030297533751630353 0.0
0.036179435102652015 -0.030729307372661562 0.0
0.0372444283246898 -0.031158612638022134 0.0
0.03832263260528667 -0.03158541032025807 0.0
0.039413956834177095 -0.032009661442520834 0.0
0.04051831032095739 -0.0324313272799821 0.0
0.0416356027941161 -0.032850369361248404 0.0
0.0427657444000643 -0.033266749469775654 0.0
0.04390864570216592 -0.033680429645284 0.0
0.04506421767976821 -0.034091372185172344 0.0
0.04623237172723183 -0.034499539645932956 0.0
0.04741301965296155 -0.034904894844566305 0.0
0.04860607367843617 -0.03530740085999545 0.0
0.049811446437239296 -0.035707021034481 0.0
0.051029050974089295 -0.03610371897503545 0.0
0.05225880074386996 -0.03649745855483809 0.0
0.0535006096106606 -0.036888203914649455 0.0
0.05475439184676656 -0.037275919464226176 0.0
0.05602006213174937 -0.03766056988373544 0.0
0.0572975355514574 -0.03804212012516978 0.0
0.0585867275970558 -0.03842053541376161 0.0
0.05988755416405725 -0.03879578124939802 0.0
0.06119993155135195 -0.03916782340803525 0.0
0.06252377646023818 -0.03953662794311352 0.0
0.0638590059934526 -0.039902161186971555 0.0
0.06520553765420048 -0.04026438975226128 0.0
0.06656328934518625 -0.040623280533362484 0.0
0.06793217936764369 -0.04097880070779744 0.0
0.0693121264203662 -0.041330917737645585 0.0
0.07070304959873741 -0.041679599370958144 0.0
0.07210486839376125 -0.042024813643172794 0.0
0.07351750269109245 -0.04236652887852835 0.0
0.07494087277006682 -0.04270471369147934 0.0
0.07637489930273157 -0.043039336988110695 0.0
0.07781950335287582 -0.043370367967552455 0.0
0.07927460637506066 -0.043697776123394344 0.0
0.08074013021364973 -0.04402153124510041 0.0
0.08221599710183942 -0.04434160341942376 0.0
0.08370212966068934 -0.04465796303182113 0.0
0.08519845089815249 -0.04497058076786757 0.0
0.08670488420810586 -0.04527942761467113 0.0
0.0882213533693804 -0.04558447486228744 0.0
0.08974778254479177 -0.04588569410513437 0.0
0.09128409628017038 -0.0461830572434068 0.0
0.09283021950339189 -0.04647653648449108 0.0
0.09438607752340746 -0.04676610434437981 0.0
0.09595159602927417 -0.04705173364908647 0.0
0.09752670108918535 -0.047333397536060084 0.0
0.09911131914950079 -0.04761106945559979 0.0
0.10070537703377734 -0.047884723172269585 0.0
0.102308801941799 -0.04815433276631297 0.0
0.10392152144860742 -0.04841987263506748 0.0
0.10554346350353214 -0.04868131749437951 0.0
0.10717455642922101 -0.04893864238001886 0.0
0.10881472892067048 -0.049191822649093386 0.0
0.110463910044256 -0.04944083398146368 0.0
0.1121220292367623 -0.049685652381157734 0.0
0.11378901630441376 -0.04992625417778556 0.0
0.11546480142190477 -0.05016261602795386 0.0
0.11714931513143 -0.050394714916680634 0.0
0.11884248834171492 -0.050622528158809944 0.0
0.12054425232704585 -0.05084603340042634 0.0
0.1222545387263006 -0.05106520862026987 0.0
0.12397327954197854 -0.051280032131150295 0.0
0.12570040713923133 -0.05149048258136217 0.0
0.12743585424489265 -0.051696538956099096 0.0
0.1291795539465093 -0.051898180578868754 0.0
0.13093143969137086 -0.05209538711290718 0.0
0.13269144528554055 -0.052288138562593775 0.0
0.13445950489288502 -0.05247641527486564 0.0
0.13623555303410548 -0.05266019794063252 0.0
0.13801952458576705 -0.05283946759619112 0.0
0.1398113547793301 -0.053014205624640105 0.0
0.14161097920017973 -0.053184393757294474 0.0
0.14341833378665692 -0.05335001407510044 0.0
0.14523335482908806 -0.053511049010049834 0.0
0.147055978968816 -0.05366748134659502 0.0
0.14888614319722973 -0.05381929422306325 0.0
0.15072378485479543 -0.05396647113307171 0.0
0.15256884163008633 -0.05410899592694168 0.0
0.15442125155881314 -0.054246852813113644 0.0
0.15628095302285436 -0.05438002635956168 0.0
0.1581478847492869 -0.05450850149520811 0.0
0.16002198580941598 -0.054632263511338285 0.0
0.16190319561780592 -0.054751298063015146 0.0
0.1637914539313101 -0.054865591170493916 0.0
0.1656867008481015 -0.05497512922063668 0.0
0.16758887680670312 -0.05507989896832712 0.0
0.1694979225850181 -0.05517988753788513 0.0
0.17141377929936033 -0.05527508242448146 0.0
0.1733363884034844 -0.055365471495552376 0.0
0.17526569168761633 -0.05545104299221432 0.0
0.17720163127748373 -0.0555317855306785 0.0
0.1791441496333462 -0.055607688103665696 0.0
0.18109318954902578 -0.05567874008182072 0.0
0.1830486941509368 -0.055744931215127164 0.0
0.1850106068971169 -0.055806251634322096 0.0
0.18697887157625692 -0.05586269185231058 0.0
0.18895343230673142 -0.05591424276558047 0.0
0.1909342335356289 -0.055960895655616946 0.0
0.19292122003778236 -0.05600264219031725 0.0
0.19491433691479948 -0.056039474425405286 0.0
0.19691352959409275 -0.056071384805846274 0.0
0.19891874382791033 -0.05609836616726142 0.0
0.20092992569236598 -0.05612041173734258 0.0
0.20294702158646968 -0.05613751513726691 0.0
0.20496997823115745 -0.05614967038311133 0.0
0.20699874266832263 -0.05615687188726764 0.0
0.20903326225984498 -0.05615911445985656 0.0
0.2110734846866224 -0.056156393310142994 0.0
0.21311935794759992 -0.0561487040479501 0.0
0.2151708303588013 -0.05613604268507444 0.0
0.21722785055235816 -0.056118405636700244 0.0
0.21929036747554154 -0.05609578972281443 0.0
0.22135833038979105 -0.056068192169620834 0.0
0.22343168886974638 -0.05603561061095528 0.0
0.22551039280227642 -0.05599804308969985 0.0
0.22759439238551085 -0.05595548805919793 0.0
0.2296836381278692 -0.0559079443846684 0.0
0.2317780808470927 -0.05585541134462081 0.0
0.23387767166927287 -0.05579788863226947 0.0
0.2359823620278837 -0.055735376356948675 0.0
0.2380921036628101 -0.05566787504552681 0.0
0.24020684861938005 -0.0555953856438215 0.0
0.24232654924739355 -0.05551790951801376 0.0
0.24445115820015398 -0.05543544845606317 0.0
0.2465806284334973 -0.05534800466912201 0.0
0.24871491320482392 -0.05525558079295042 0.0
0.25085396607212734 -0.055158179889330514 0.0
0.252997740893026 -0.05505580544748161 0.0
0.2551461918237928 -0.05494846138547436 0.0
0.2572992733183852 -0.054836152051645715 0.0
0.25945694012747655 -0.054718882226013454 0.0
0.26161914729748553 -0.05459665712169088 0.0
0.26378585016960676 -0.05446948238630146 0.0
0.2659570043788415 -0.05433736410339349 0.0
0.2681325658530274 -0.054200308793854686 0.0
0.2703124908118691 -0.05405832341732691 0.0
0.2724967357659689 -0.053911415373620764 0.0
0.2746852575158565 -0.053759592504130295 0.0
0.27687801315101984 -0.0536028630932476 0.0
0.27907496004893506 -0.05344123586977751 0.0
0.28127605587409743 -0.05327472000835218 0.0
0.28348125857705064 -0.05310332513084584 0.0
0.28569052639341846 -0.052927061307789375 0.0
0.28790381784293395 -0.052745939059784974 0.0
0.2901210917284705 -0.052559969358920815 0.0
0.2923423071350718 -0.05236916363018569 0.0
0.2945674234289825 -0.052173533752883694 0.0
0.2967964002566783 -0.05197309206204879 0.0
0.29902919754389623 -0.05176785134985959 0.0
0.3012657754946653 -0.05155782486705388 0.0
0.3035060945903365 -0.05134302632434336 0.0
0.30575011558861365 -0.05112346989382824 0.0
0.3079977995225829 -0.05089917021041192 0.0
0.31024910769974395 -0.050670142373215606 0.0
0.3125040017010402 -0.050436401946993066 0.0
0.3147624433798881 -0.050197964963545054 0.0
0.3170243948612094 -0.04995484792313433 0.0
0.3192898185404594 -0.04970706779589984 0.0
0.32155867708265906 -0.04945464202327188 0.0
0.3238309334214238 -0.04919758851938618 0.0
0.3261065507579956 -0.04893592567249917 0.0
0.3283854925602713 -0.04866967234640209 0.0
0.33066772256183485 -0.048398847881836043 0.0
0.33295320476098605 -0.048123472097906274 0.0
0.33524190341977256 -0.04784356529349727 0.0
0.33753378306301823 -0.04755914824868692 0.0
0.33982880847735575 -0.04727024222616164 0.0
0.34212694471025445 -0.046976868972630516 0.0
0.34442815706905316 -0.046679050720240575 0.0
0.3467324111199884 -0.046376810187990745 0.0
0.3490396726872267 -0.04607017058314715 0.0
0.35134990785189263 -0.0457591556026572 0.0
0.35366308295110194 -0.045443789434564785 0.0
0.3559791645769889 -0.045124096759424366 0.0
0.3582981195757396 -0.04480010275171619 0.0
0.36061991504661933 -0.044471833081260376 0.0
0.362944518341006 -0.0441393139146321 0.0
0.3652718970614173 -0.04380257191657578 0.0
0.36760201906054424 -0.04346163425142018 0.0
0.3699348524402783 -0.04311652858449257 0.0
0.37227036555074483 -0.0427672830835338 0.0
0.3746085269893311 -0.04241392642011272 0.0
0.3769493055997178 -0.042056487771040915 0.0
0.37929267047090853 -0.04169499681978734 0.0
0.3816385909362615 -0.04132948375789292 0.0
0.3839870365725185 -0.04095997928638529 0.0
0.38633797719883584 -0.04058651461719339 0.0
0.3886913828758148 -0.0402091214745621 0.0
0.3910472239045317 -0.03982783209646697 0.0
0.3934054708255685 -0.03944267923602878 0.0
0.39576609441804256 -0.039053696162928246 0.0
0.3981290656986381 -0.03866091666482065 0.0
0.4004943559206353 -0.038264375048750514 0.0
0.40286193657294134 -0.037864106142566197 0.0
0.4052317793791208 -0.037460145296334624 0.0
0.4076038562964256 -0.03705252838375586 0.0
0.40997813951482576 -0.03664129180357785 0.0
0.41235460145603897 -0.03622647248101096 0.0
0.4147332147725624 -0.0358081078691427 0.0
0.4171139523467015 -0.03538623595035237 0.0
0.4194967872896011 -0.034960895237725734 0.0
0.42188169294027555 -0.03453212477646957 0.0
0.4242686428646392 -0.03409996414532643 0.0
0.4266576108545371 -0.03366445345798924 0.0
0.42904857092677423 -0.03322563336451595 0.0
0.4314414973221468 -0.03278354505274427 0.0
0.43383636450447255 -0.03233823024970613 0.0
0.4362331471596209 -0.03188973122304253 0.0
0.4386318201945428 -0.03143809078241808 0.0
0.44103235873630176 -0.03098335228093569 0.0
0.4434347381311042 -0.030525559616551214 0.0
0.44583893394332946 -0.0300647572334881 0.0
0.4482449219545599 -0.029600990123652002 0.0
0.4506526781626121 -0.02913430382804554 0.0
0.4530621787805663 -0.028664744438182812 0.0
0.4554734002357973 -0.028192358597504158 0.0
0.4578863191690046 -0.027717193502790737 0.0
0.4603009124332426 -0.02723929690557925 0.0
0.4627171570929517 -0.026758717113576466 0.0
0.4651350304229873 -0.026275502992074016 0.0
0.46755450990765146 -0.025789703965362988 0.0
0.4699755732397224 -0.025301370018148556 0.0
0.47239819831948504 -0.024810551696964646 0.0
0.4748223632537618 -0.0243173001115886 0.0
0.4772480463549422 -0.0238216669364558 0.0
0.4796752261400139 -0.023323704412074334 0.0
0.48210388132959225 -0.022823465346439673 0.0
0.4845339908469515 -0.02232100311644929 0.0
0.4869655338170548 -0.02181637166931729 0.0
0.48939848956558407 -0.021309625523989108 0.0
0.4918328376179711 -0.02080081977255616 0.0
0.49426855769842726 -0.02029001008167046 0.0
0.4967056297289744 -0.019777252693959257 0.0
0.4991440338284747 -0.019262604429439775 0.0
0.5015837503116614 -0.018746122686933767 0.0
0.504024759688169 -0.01822786544548219 0.0
0.5064670426615634 -0.017707891265759897 0.0
0.5089105801283723 -0.017186259291490275 0.0
0.5113553531771162 -0.01666302925085982 0.0
0.5138013430873376 -0.016138261457932904 0.0
0.5162485313286322 -0.015612016814066378 0.0
0.518696899559679 -0.015084356809324184 0.0
0.521146429627271 -0.014555343523892025 0.0
0.523597103565344 -0.014025039629492078 0.0
0.5260489035940096 -0.013493508390797562 0.0
0.5285018121185827 -0.012960813666847445 0.0
0.5309558117286144 -0.012427019912461064 0.0
0.5334108851969203 -0.011892192179652771 0.0
0.535867015478612 -0.011356396119046642 0.0
0.5383241857101271 -0.010819697981291034 0.0
0.5407823792082592 -0.010282164618473323 0.0
0.5432415794691896 -0.009743863485534491 0.0
0.5457017701675153 -0.009204862641683836 0.0
0.5481629351552819 -0.008665230751813554 0.0
0.5506250584610121 -0.008125037087913477 0.0
0.5530881242887364 -0.00758435153048564 0.0
0.5555521170170244 -0.007043244569958979 0.0
0.5580170211980144 -0.006501787308103957 0.0
0.5604828215564431 -0.005960051459447256 0.0
0.5629495029886775 -0.005418109352686349 0.0
0.5654170505617437 -0.004876033932104281 0.0
0.5678854495123584 -0.004333898758984161 0.0
0.5703546852459584 -0.003791778013023945 0.0
0.5728247433357317 -0.0032497464937510305 0.0
0.5752956095216472 -0.002707879621936884 0.0
0.5777672697094851 -0.002166253441011743 0.0
0.580239709969868 -0.0016249446184792434 0.0
0.5827129165372903 -0.0010840304473310842 0.0
0.5851868758091487 -0.0005435888474616419 0.0
0.5876615743447737 -3.6983670826205226e-06 0.0
0.5901369988644578 0.0005355618158622164 0.0
0.5926131362484877 0.0010741118922824437 0.0
0.5950899735361738 0.0016118714205263997 0.0
0.5975674979248813 0.0021487593249664085 0.0
0.6000456967690591 0.0026846938945842046 0.0
0.6025245575792714 0.0032195927815562614 0.0
0.6050040680212279 0.0037533729998391343 0.0
0.6074842159148134 0.0042859509237548445 0.0
0.6099649892331191 0.004817242286576173 0.0
0.6124463761014725 0.005347162179112041 0.0
0.6149283647964673 0.005875625048292877 0.0
0.6174109437449946 0.006402544695755913 0.0
0.6198941015232721 0.006927834276430586 0.0
0.6223778268558762 0.007451406297123866 0.0
0.6248621086147708 0.007973172615105606 0.0
0.6273469358183377 0.008493044436693879 0.0
0.629832297630408 0.009010932315840338 0.0
0.6323181833592919 0.009526746152715568 0.0
0.6348045824568083 0.010040395192294441 0.0
0.6372914845173162 0.01055178802294143 0.0
0.6397788792767448 0.011060832574996016 0.0
0.6422667566116234 0.011567436119357986 0.0
0.6447551065381123 0.012071505266072802 0.0
0.6472439192110325 0.012572945962916955 0.0
0.6497331849228969 0.013071663493983284 0.0
0.6522228941029399 0.013567562478266399 0.0
0.6547130373161476 0.014060546868247904 0.0
0.6572036052622896 0.014550519948481907 0.0
0.6596945887749471 0.01503738433418021 0.0
0.6621859788205452 0.015521041969797774 0.0
0.6646777664973822 0.016001394127618015 0.0
0.6671699430346603 0.016478341406338148 0.0
0.6696624997915158 0.016951783729654585 0.0
0.6721554282560496 0.017421620344848215 0.0
0.674648720044357 0.017887749821369796 0.0
0.6771423668995593 0.018350070049425328 0.0
0.6796363606908323 0.018808478238561317 0.0
0.6821306934124386 0.019262870916250202 0.0
0.6846253571827565 0.019713143926475697 0.0
0.6871203442433111 0.02015919242831811 0.0
0.6896156469578042 0.02060091089453969 0.0
0.6921112578111448 0.021038193110169988 0.0
0.6946071694084797 0.021470932171091226 0.0
0.6971033744742232 0.02189902048262364 0.0
0.6995998658510885 0.022322349758110774 0.0
0.7020966364991168 0.0227408110175049 0.0
0.7045936794947087 0.023154294585952348 0.0
0.7070909880296538 0.023562690092378807 0.0
0.7095885554101613 0.023965886468074748 0.0
0.7120863750558903 0.024363771945280714 0.0
0.714584440498981 0.02475623405577273 0.0
0.7170827453830833 0.025143159629447576 0.0
0.7195812834623885 0.02552443479290819 0.0
0.7220800486006591 0.025899944968048993 0.0
0.7245790347702592 0.02626957487064125 0.0
0.7270782360511856 0.026633208508918423 0.0
0.7295776466300965 0.026990729182161517 0.0
0.7320772607993434 0.027342019479284385 0.0
0.7345770729560007 0.027686961277419167 0.0
0.7370770776008964 0.028025435740501557 0.0
0.7395772693376419 0.028357323317856207 0.0
0.7420776428716627 0.028682503742782008 0.0
0.7445781930092289 0.029000856031137532 0.0
0.7470789146564853 0.029312258479926315 0.0
0.7495798028184817 0.029616588665882206 0.0
0.7520808525982039 0.02991372344405477 0.0
0.7545820591956025 0.030203538946394545 0.0
0.7570834179066248 0.030485910580338487 0.0
0.759584924122245 0.03076071302739528 0.0
0.7620865733274931 0.03102782024173067 0.0
0.7645883611004869 0.03128710544875281 0.0
0.7670902831114621 0.03153844114369768 0.0
0.7695923351218011 0.031781699090214305 0.0
0.7720945129830654 0.032016750318950245 0.0
0.7745968126360248 0.03224346512613684 0.0
0.7770992301096878 0.03246171307217464 0.0
0.7796017615203321 0.03267136298021864 0.0
0.7821044030705354 0.0328722829347638 0.0
0.7846071510482047 0.033064340280230205 0.0
0.7871100018256076 0.03324740161954856 0.0
0.7896129518584021 0.03342133281274546 0.0
0.792115997684667 0.033585998975528775 0.0
0.794619135923933 0.03374126447787298 0.0
0.7971223632762119 0.033886992942604506 0.0
0.799625676521027 0.03402304724398709 0.0
0.8021290725164448 0.03414928950630714 0.0
0.8046325481981043 0.03426558110245908 0.0
0.807136100578246 0.034371782652530644 0.0
0.8096397267447465 0.03446775402238834 0.0
0.8121434238601435 0.034553354322262676 0.0
0.8146471891606698 0.03462844190533357 0.0
0.8171510199552823 0.034692874366315705 0.0
0.8196549136246929 0.03474650854004387 0.0
0.8221588676203984 0.03478920050005829 0.0
0.8246628794637103 0.034820805557190006 0.0
0.827166946744787 0.03484117825814618 0.0
0.8296710671216619 0.0348501723840955 0.0
0.8321752383192755 0.03484764094925346 0.0
0.8346794581285049 0.034833436199467806 0.0
0.8371837244051937 0.03480740961080377 0.0
0.8396880350691837 0.034769411888129535 0.0
0.842192388103344 0.03471929296370148 0.0
0.8446967815526016 0.034656901995749556 0.0
0.8472012135229727 0.03458208736706273 0.0
0.849705682180592 0.03449469668357419 0.0
0.8522101857507427 0.03439457677294679 0.0
0.8547147225168881 0.03428157368315837 0.0
0.8572192908197012 0.03415553268108709 0.0
0.8597238890560954 0.03401629825109682 0.0
0.8622285156782539 0.033863714093622425 0.0
0.8647331691926614 0.033697623123755197 0.0
0.8672378481591333 0.033517867469828135 0.0
0.8697425511898471 0.03332428847200131 0.0
0.8722472769483718 0.03311672668084723 0.0
0.8747520241486987 0.03289502185593622 0.0
0.8772567915542713 0.032659012964421655 0.0
0.8797615779770165 0.03240853817962544 0.0
0.8822663822763741 0.032143434879623296 0.0
0.8847712033583277 0.031863539645830115 0.0
0.8872760401744346 0.03156868826158531 0.0
0.889780891720857 0.03125871571073817 0.0
0.8922857570373905 0.0309334561762332 0.0
0.8947906352064968 0.030592743038695483 0.0
0.8972955253523323 0.030236408875015997 0.0
0.899800426639779 0.02986428545693703 0.0
0.9023053382734751 0.029476203749637445 0.0
0.9048102594968453 0.02907199391031809 0.0
0.9073151895911304 0.02865148528678714 0.0
0.9098201278744189 0.028214506416045407 0.0
0.9123250737006757 0.027760885022871735 0.0
0.9148300264587743 0.02729044801840832 0.0
0.9173349855715257 0.026803021498746058 0.0
0.9198399504947095 0.026298430743509942 0.0
0.9223449207161041 0.02577650021444434 0.0
0.9248498957545161 0.025237053553998377 0.0
0.927354875158813 0.02467991358391131 0.0
0.9298598585069507 0.02410490230379782 0.0
0.932364845405006 0.02351184088973342 0.0
0.9348698354862056 0.02290054969283976 0.0
0.9373748284099573 0.022270848237869997 0.0
0.93987982386088 0.021622555221794144 0.0
0.9423848215478334 0.020955488512384393 0.0
0.9448898212029501 0.020269465146800517 0.0
0.947394822580664 0.019564301330175168 0.0
0.9498998254567417 0.01883981243419924 0.0
0.9524048296273124 0.018095812995707235 0.0
0.954909834907899 0.017332116715262608 0.0
0.9574148411324479 0.016548536455743078 0.0
0.9599198481523583 0.015744884240926033 0.0
0.962424855835515 0.014920971254073854 0.0
0.9649298640653161 0.01407660783651924 0.0
0.9674348727397055 0.013211603486250598 0.0
0.9699398817702015 0.012325766856497425 0.0
0.9724448910809285 0.011418905754315443 0.0
0.9749499006076474 0.010490827139172276 0.0
0.9774549102967836 0.009541337121532567 0.0
0.9799599201044605 0.00857024096144341 0.0
0.9824649299955279 0.007577343067119669 0.0
0.9849699399425931 0.00656244699352935 0.0
0.987474949925051 0.005525355440978937 0.0
0.989979959928114 0.004465870253698743 0.0
0.9924849699418432 0.003383792418428262 0.0
0.9949899799601782 0.0022789220630015177 0.0
0.9974949899799679 0.00115105845493241 0.0
1.0 0.0 0.0
